           0.01892553 0.03700677 0.05424369 0.07063632 0.08618464
           0.10088865 0.11474837 0.12776378 0.13993488 0.15126170
           0.16174419 0.17138238 0.18017629 0.18840240 0.19625129
           0.20326592 0.20966806 0.21574529 0.22138159 0.22687292
           0.23192132 0.23679607 0.24150510 0.24591245 0.25011250
           0.25420302 0.25808007 0.26187906 0.26558805 0.26920223
           0.27275288 0.27616084 0.27936143 0.28263348 0.28578854
           0.28890327 0.29206598 0.29518375 0.29827923 0.30137819
           0.30453035 0.30767757 0.31086862 0.31409451 0.31736720
           0.32062292 0.32395309 0.32732570 0.33078837 0.33425149
           0.33780646 0.34133878 0.34484771 0.34844118 0.35208789
           0.35570231 0.35943934 0.36315826 0.36687744 0.37063763
           0.37450069 0.37830541 0.38228711 0.38625225 0.39027116
           0.39431107 0.39842045 0.40254778 0.40680087 0.41111627
           0.41548508 0.41981035 0.42423874 0.42864525 0.43319115
           0.43773398 0.44239637 0.44700581 0.45166633 0.45635447
           0.46105775 0.46585903 0.47064924 0.47550088 0.48036435
           0.48529255 0.49019456 0.49512225 0.50010127 0.50507551
           0.51006764 0.51515335 0.52014077 0.52518344 0.53024733
           0.53539473 0.54043645 0.54552513 0.55065411 0.55582589
           0.56100750 0.56615621 0.57135922 0.57645226 0.58159626
           0.58675319 0.59198725 0.59718436 0.60227674 0.60742611
           0.61256826 0.61772418 0.62294513 0.62820190 0.63338310
           0.63843036 0.64347368 0.64854521 0.65362144 0.65876925
           0.66383880 0.66882384 0.67365497 0.67860168 0.68348217
           0.68845814 0.69329524 0.69815671 0.70283222 0.70754498
           0.71221179 0.71694010 0.72157198 0.72617376 0.73072100
           0.73517287 0.73962307 0.74403268 0.74840337 0.75277060
           0.75707495 0.76129323 0.76543242 0.76954794 0.77354133
           0.77753133 0.78151572 0.78543931 0.78929931 0.79309899
           0.79682118 0.80057913 0.80419570 0.80787009 0.81148320
           0.81497657 0.81840080 0.82177848 0.82509542 0.82840186
           0.83165801 0.83482695 0.83793002 0.84100878 0.84401822
           0.84694105 0.84992975 0.85280704 0.85560858 0.85834783
           0.86105257 0.86371869 0.86632574 0.86894131 0.87147391
           0.87394464 0.87631994 0.87870681 0.88102007 0.88336116
           0.88565528 0.88785917 0.88997906 0.89206034 0.89413387
           0.89615303 0.89816284 0.90008122 0.90192181 0.90377325
           0.90558732 0.90735531 0.90912461 0.91082430 0.91249174
           0.91407382 0.91569620 0.91724437 0.91874808 0.92022592
           0.92166066 0.92303914 0.92442614 0.92579001 0.92709100
           0.92839313 0.92961931 0.93083614 0.93205267 0.93321151
           0.93437254 0.93550068 0.93659055 0.93764234 0.93868804
           0.93970543 0.94067520 0.94165593 0.94259614 0.94351816
           0.94441205 0.94531047 0.94615692 0.94696712 0.94778806
           0.94859231 0.94935906 0.95013064 0.95085704 0.95158291
           0.95227176 0.95296526 0.95364398 0.95430470 0.95494139
           0.95556194 0.95616788 0.95677173 0.95736563 0.95793515
           0.95848632 0.95903450 0.95955288 0.96006745 0.96057290
           0.96106112 0.96153450 0.96199512 0.96244735 0.96290380
           0.96333736 0.96375602 0.96417195 0.96456826 0.96496391
           0.96535200 0.96573281 0.96609634 0.96645772 0.96680743
           0.96715599 0.96749729 0.96782762 0.96814507 0.96846259
           0.96876156 0.96906716 0.96936953 0.96965843 0.96994627
           0.97022516 0.97049451 0.97075796 0.97101754 0.97126895
           0.97152674 0.97176743 0.97200614 0.97223604 0.97246593
           0.97268271 0.97290546 0.97312182 0.97333086 0.97353619
           0.97374225 0.97394198 0.97413838 0.97432894 0.97451901
           0.97470319 0.97488248 0.97506231 0.97523838 0.97540617
           0.97557420 0.97573739 0.97590488 0.97606021 0.97621572
           0.97636914 0.97652060 0.97667277 0.97681892 0.97696424
           0.97710705 0.97724992 0.97739232 0.97752327 0.97765785
           0.97778928 0.97791862 0.97804719 0.97817922 0.97830141
           0.97842437 0.97854680 0.97866684 0.97878748 0.97890460
           0.97902387 0.97913665 0.97925025 0.97936356 0.97946978
           0.97958308 0.97969037 0.97979188 0.97989494 0.97999573
           0.98009753 0.98019892 0.98030114 0.98039800 0.98049295
           0.98058534 0.98067665 0.98077214 0.98086518 0.98095798
           0.98104322 0.98113286 0.98122197 0.98130792 0.98139328
           0.98148090 0.98156786 0.98165071 0.98173237 0.98181313
           0.98189342 0.98197567 0.98205721 0.98213792 0.98222017
           0.98229462 0.98237085 0.98245001 0.98252392 0.98260027
           0.98267347 0.98274982 0.98282135 0.98289579 0.98296607
           0.98303813 0.98311025 0.98317802 0.98324794 0.98331523
           0.98338538 0.98345262 0.98351973 0.98358494 0.98365170
           0.98371792 0.98378170 0.98384732 0.98390883 0.98397619
           0.98403758 0.98410016 0.98416686 0.98422903 0.98429096
           0.98435426 0.98441666 0.98447704 0.98453695 0.98459834
           0.98465675 0.98471421 0.98477596 0.98483312 0.98488903
           0.98494542 0.98500437 0.98506188 0.98511785 0.98517090
           0.98522472 0.98527801 0.98533195 0.98538661 0.98543906
           0.98549247 0.98554289 0.98559719 0.98565090 0.98570508
           0.98575586 0.98580623 0.98586220 0.98591346 0.98596615
           0.98601741 0.98606908 0.98611569 0.98616517 0.98621976
           0.98626876 0.98631942 0.98636729 0.98641425 0.98646057
           0.98650879 0.98655605 0.98660505 0.98665124 0.98669863
           0.98674327 0.98679334 0.98683625 0.98688322 0.98692691
           0.98697174 0.98701662 0.98705894 0.98710328 0.98714620
           0.98719251 0.98723608 0.98727864 0.98732442 0.98736763
           0.98741108 0.98745370 0.98749942 0.98754346 0.98758525
           0.98762554 0.98766959 0.98771024 0.98774850 0.98778999
           0.98783332 0.98787457 0.98791659 0.98795736 0.98799664
           0.98803765 0.98807693 0.98811805 0.98815972 0.98820108
           0.98824102 0.98828059 0.98832041 0.98836100 0.98839784
           0.98843700 0.98847347 0.98851180 0.98854882 0.98858637
           0.98862398 0.98865694 0.98869288 0.98873109 0.98876733
           0.98880744 0.98884457 0.98887998 0.98891824 0.98895329
           0.98898941 0.98902470 0.98906147 0.98909932 0.98913383
           0.98916918 0.98920655 0.98924190 0.98927760 0.98931253
           0.98934734 0.98938251 0.98941964 0.98945558 0.98948723
           0.98952115 0.98955423 0.98958826 0.98962146 0.98965311
           0.98968565 0.98971641 0.98974806 0.98977870 0.98981237
           0.98984355 0.98987508 0.98990923 0.98994064 0.98997176
           0.99000430 0.99003571 0.99006861 0.99009925 0.99013078
           0.99016309 0.99019516 0.99022794 0.99025804 0.99028969
           0.99032247 0.99035567 0.99038774 0.99041951 0.99045128
           0.99048340 0.99051458 0.99054372 0.99057686 0.99060816
           0.99063838 0.99067003 0.99069995 0.99072880 0.99075979
           0.99078918 0.99081868 0.99084842 0.99087894 0.99090773
           0.99093580 0.99096340 0.99099118 0.99101901 0.99104750
           0.99107826 0.99110585 0.99113369 0.99116141 0.99118966
           0.99121636 0.99124396 0.99127358 0.99130213 0.99133009
           0.99135971 0.99138796 0.99141431 0.99144012 0.99146605
           0.99149483 0.99152416 0.99155128 0.99157763 0.99160486
           0.99162990 0.99165714 0.99168336 0.99171078 0.99173677
           0.99176198 0.99178833 0.99181426 0.99184132 0.99186707
           0.99189138 0.99191731 0.99194300 0.99197024 0.99199355
           0.99201822 0.99204403 0.99206901 0.99209571 0.99212116
           0.99214715 0.99217272 0.99219650 0.99222219 0.99224716
           0.99227273 0.99229878 0.99232399 0.99235022 0.99237233
           0.99239606 0.99242032 0.99244583 0.99246961 0.99249262
           0.99251735 0.99254203 0.99256492 0.99258888 0.99261332
           0.99263752 0.99265951 0.99268407 0.99270785 0.99273026
           0.99275488 0.99277699 0.99279970 0.99282402 0.99284804
           0.99287081 0.99289232 0.99291682 0.99293923 0.99296063
           0.99298352 0.99300379 0.99302697 0.99304909 0.99306911
           0.99309188 0.99311382 0.99313647 0.99315900 0.99317902
           0.99320167 0.99322385 0.99324685 0.99327016 0.99329156
           0.99331307 0.99333549 0.99335611 0.99337918 0.99340093
           0.99342364 0.99344373 0.99346554 0.99348670 0.99350905
           0.99352819 0.99355024 0.99357110 0.99359059 0.99361175
           0.99363267 0.99365407 0.99367493 0.99369574 0.99371600
           0.99373752 0.99375826 0.99377787 0.99379915 0.99381894
           0.99383944 0.99386019 0.99387819 0.99389642 0.99391580
           0.99393427 0.99395311 0.99397349 0.99399328 0.99401045
           0.99402845 0.99404627 0.99406505 0.99408442 0.99410355
           0.99412382 0.99414176 0.99415797 0.99417698 0.99419457
           0.99421179 0.99423027 0.99424911 0.99426949 0.99428648
           0.99430525 0.99432409 0.99434191 0.99436003 0.99438030
           0.99439830 0.99441737 0.99443436 0.99445361 0.99447137
           0.99448794 0.99450415 0.99452084 0.99453896 0.99455631
           0.99457341 0.99459034 0.99460620 0.99462289 0.99463934
           0.99465734 0.99467546 0.99469370 0.99470961 0.99472737
           0.99474460 0.99476278 0.99477965 0.99479747 0.99481422
           0.99483067 0.99484879 0.99486613 0.99488246 0.99489915
           0.99491435 0.99493104 0.99494666 0.99496400 0.99498093
           0.99499857 0.99501526 0.99503285 0.99504817 0.99506569
           0.99508071 0.99509656 0.99511188 0.99512619 0.99514085
           0.99515581 0.99517202 0.99518770 0.99520290 0.99521959
           0.99523443 0.99524999 0.99526548 0.99528152 0.99529713
           0.99531054 0.99532676 0.99534380 0.99535775 0.99537182
           0.99538457 0.99539816 0.99541408 0.99542958 0.99544460
           0.99546021 0.99547553 0.99549067 0.99550349 0.99551588
           0.99553049 0.99554628 0.99556059 0.99557525 0.99559021
           0.99560505 0.99562073 0.99563527 0.99564987 0.99566489
           0.99567997 0.99569327 0.99570733 0.99572212 0.99573457
           0.99575078 0.99576330 0.99577796 0.99579340 0.99580646
           0.99581897 0.99583226 0.99584734 0.99586195 0.99587709
           0.99588889 0.99590153 0.99591559 0.99592942 0.99594319
           0.99595749 0.99597120 0.99598509 0.99599868 0.99601132
           0.99602592 0.99603868 0.99605161 0.99606335 0.99607676
           0.99609238 0.99610591 0.99611783 0.99612969 0.99614227
           0.99615389 0.99616671 0.99617821 0.99619037 0.99620241
           0.99621427 0.99622542 0.99623859 0.99625200 0.99626428
           0.99627697 0.99628901 0.99630141 0.99631357 0.99632645
           0.99633950 0.99635112 0.99636328 0.99637586 0.99638826
           0.99639976 0.99641460 0.99642563 0.99643815 0.99645066
           0.99646246 0.99647534 0.99648690 0.99649894 0.99651015
           0.99652231 0.99653256 0.99654436 0.99655586 0.99656767
           0.99657744 0.99658769 0.99660033 0.99661225 0.99662238
           0.99663436 0.99664581 0.99665618 0.99666631 0.99667716
           0.99668854 0.99670058 0.99671024 0.99671972 0.99672949
           0.99674034 0.99674958 0.99675971 0.99677199 0.99678254
           0.99679416 0.99680483 0.99681532 0.99682581 0.99683738
           0.99684811 0.99685776 0.99686712 0.99687648 0.99688673
           0.99689686 0.99690771 0.99691737 0.99692726 0.99693787
           0.99694848 0.99695939 0.99696928 0.99698007 0.99699003
           0.99699938 0.99700904 0.99701995 0.99702942 0.99703914
           0.99704903 0.99706143 0.99707156 0.99708170 0.99709171
           0.99709970 0.99710995 0.99712056 0.99713182 0.99714136
           0.99715132 0.99716097 0.99717134 0.99718112 0.99718970
           0.99720019 0.99721110 0.99722147 0.99723136 0.99724114
           0.99725187 0.99726135 0.99727112 0.99728048 0.99728924
           0.99729872 0.99730629 0.99731648 0.99732566 0.99733567
           0.99734509 0.99735445 0.99736345 0.99737138 0.99738103
           0.99738884 0.99739838 0.99740839 0.99741608 0.99742496
           0.99743533 0.99744433 0.99745345 0.99746120 0.99746954
           0.99747747 0.99748534 0.99749470 0.99750245 0.99751091
           0.99751967 0.99752814 0.99753559 0.99754524 0.99755436
           0.99756348 0.99757028 0.99757755 0.99758649 0.99759489
           0.99760401 0.99761212 0.99762106 0.99762917 0.99763715
           0.99764550 0.99765337 0.99766338 0.99767220 0.99768209
           0.99769032 0.99769920 0.99770808 0.99771529 0.99772197
           0.99772960 0.99773818 0.99774504 0.99775237 0.99775988
           0.99776870 0.99777693 0.99778593 0.99779350 0.99780190
           0.99780899 0.99781781 0.99782503 0.99783140 0.99783987
           0.99784672 0.99785465 0.99786252 0.99786985 0.99787772
           0.99788505 0.99789101 0.99789798 0.99790484 0.99791193
           0.99791914 0.99792659 0.99793333 0.99794066 0.99794853
           0.99795520 0.99796242 0.99796814 0.99797380 0.99798065
           0.99798787 0.99799520 0.99800253 0.99800849 0.99801534
           0.99802178 0.99802804 0.99803525 0.99804115 0.99804777
           0.99805385 0.99806017 0.99806726 0.99807388 0.99808121
           0.99808878 0.99809510 0.99810094 0.99810815 0.99811459
           0.99812055 0.99812692 0.99813437 0.99814123 0.99814880
           0.99815589 0.99816245 0.99816829 0.99817479 0.99818122
           0.99818742 0.99819374 0.99819994 0.99820614 0.99821275
           0.99821895 0.99822563 0.99823236 0.99823868 0.99824417
           0.99824983 0.99825525 0.99826175 0.99826860 0.99827451
           0.99828011 0.99828655 0.99829328 0.99830085 0.99830770
           0.99831414 0.99831921 0.99832505 0.99833179 0.99833900
           0.99834543 0.99835128 0.99835694 0.99836290 0.99836874
           0.99837416 0.99837857 0.99838394 0.99838883 0.99839419
           0.99839872 0.99840468 0.99840999 0.99841428 0.99841988
           0.99842584 0.99843127 0.99843609 0.99844187 0.99844795
           0.99845231 0.99845821 0.99846393 0.99846911 0.99847496
           0.99847978 0.99848598 0.99849176 0.99849796 0.99850357
           0.99850953 0.99851483 0.99852014 0.99852598 0.99853039
           0.99853599 0.99854082 0.99854583 0.99855167 0.99855715
           0.99856204 0.99856740 0.99857283 0.99857712 0.99858183
           0.99858689 0.99859297 0.99859864 0.99860471 0.99861079
           0.99861550 0.99862081 0.99862623 0.99863094 0.99863589
           0.99863952 0.99864376 0.99864954 0.99865437 0.99865955
           0.99866474 0.99867070 0.99867553 0.99868006 0.99868548
           0.99869072 0.99869537 0.99870032 0.99870437 0.99870908
           0.99871439 0.99872023 0.99872410 0.99872983 0.99873537
           0.99873984 0.99874413 0.99874997 0.99875426 0.99875945
           0.99876338 0.99876720 0.99877071 0.99877512 0.99878007
           0.99878436 0.99878949 0.99879479 0.99879944 0.99880391
           0.99880821 0.99881250 0.99881703 0.99882162 0.99882555
           0.99883038 0.99883342 0.99883771 0.99884188 0.99884659
           0.99885023 0.99885464 0.99885935 0.99886274 0.99886733
           0.99887139 0.99887502 0.99887884 0.99888390 0.99888861
           0.99889255 0.99889684 0.99890065 0.99890542 0.99890959
           0.99891418 0.99891794 0.99892151 0.99892533 0.99892908
           0.99893314 0.99893707 0.99894089 0.99894530 0.99894947
           0.99895340 0.99895698 0.99896115 0.99896520 0.99896860
           0.99897152 0.99897468 0.99897826 0.99898255 0.99898648
           0.99899042 0.99899405 0.99899888 0.99900228 0.99900544
           0.99900925 0.99901372 0.99901700 0.99901927 0.99902278
           0.99902570 0.99902976 0.99903333 0.99903709 0.99904054
           0.99904472 0.99904799 0.99905092 0.99905342 0.99905586
           0.99905902 0.99906266 0.99906570 0.99906939 0.99907279
           0.99907523 0.99907815 0.99908155 0.99908447 0.99908751
           0.99909067 0.99909425 0.99909723 0.99910092 0.99910486
           0.99910867 0.99911171 0.99911475 0.99911690 0.99912065
           0.99912399 0.99912661 0.99913043 0.99913347 0.99913716
           0.99913990 0.99914324 0.99914598 0.99914879 0.99915236
           0.99915498 0.99915749 0.99915993 0.99916208 0.99916613
           0.99916953 0.99917269 0.99917561 0.99917907 0.99918222
           0.99918562 0.99918878 0.99919105 0.99919313 0.99919653
           0.99919915 0.99920171 0.99920475 0.99920827 0.99921119
           0.99921376 0.99921650 0.99922067 0.99922323 0.99922591
           0.99922919 0.99923271 0.99923551 0.99923891 0.99924135
           0.99924338 0.99924576 0.99924845 0.99925095 0.99925411
           0.99925691 0.99925959 0.99926251 0.99926513 0.99926853
           0.99927098 0.99927390 0.99927616 0.99927866 0.99928123
           0.99928463 0.99928778 0.99929047 0.99929386 0.99929655
           0.99929947 0.99930197 0.99930400 0.99930626 0.99930859
           0.99931139 0.99931377 0.99931592 0.99931860 0.99932086
           0.99932325 0.99932593 0.99932873 0.99933076 0.99933290
           0.99933529 0.99933809 0.99934000 0.99934202 0.99934441
           0.99934644 0.99934894 0.99935126 0.99935329 0.99935532
           0.99935770 0.99935985 0.99936134 0.99936378 0.99936640
           0.99936843 0.99937022 0.99937302 0.99937528 0.99937797
           0.99938011 0.99938238 0.99938428 0.99938720 0.99938881
           0.99939138 0.99939364 0.99939567 0.99939805 0.99940014
           0.99940199 0.99940413 0.99940723 0.99940974 0.99941140
           0.99941403 0.99941540 0.99941832 0.99942046 0.99942255
           0.99942452 0.99942631 0.99942809 0.99943060 0.99943280
           0.99943405 0.99943697 0.99943912 0.99944127 0.99944395
           0.99944609 0.99944770 0.99944973 0.99945199 0.99945432
           0.99945605 0.99945784 0.99945998 0.99946165 0.99946392
           0.99946594 0.99946821 0.99947041 0.99947155 0.99947304
           0.99947459 0.99947673 0.99947858 0.99948126 0.99948269
           0.99948484 0.99948645 0.99948800 0.99949074 0.99949276
           0.99949378 0.99949545 0.99949694 0.99949872 0.99949998
           0.99950117 0.99950266 0.99950409 0.99950635 0.99950784
           0.99950963 0.99951154 0.99951345 0.99951583 0.99951750
           0.99951851 0.99952024 0.99952126 0.99952340 0.99952543
           0.99952710 0.99952924 0.99953139 0.99953318 0.99953485
           0.99953657 0.99953878 0.99954063 0.99954277 0.99954420
           0.99954545 0.99954671 0.99954736 0.99954885 0.99954993
           0.99955153 0.99955380 0.99955535 0.99955714 0.99955899
           0.99956077 0.99956191 0.99956316 0.99956423 0.99956548
           0.99956673 0.99956852 0.99957013 0.99957079 0.99957246
           0.99957371 0.99957520 0.99957663 0.99957752 0.99957937
           0.99958038 0.99958181 0.99958372 0.99958485 0.99958634
           0.99958760 0.99958903 0.99959081 0.99959207 0.99959296
           0.99959469 0.99959660 0.99959838 0.99959975 0.99960107
           0.99960268 0.99960423 0.99960583 0.99960703 0.99960876
           0.99961007 0.99961191 0.99961305 0.99961424 0.99961525
           0.99961627 0.99961752 0.99961901 0.99962032 0.99962181
           0.99962372 0.99962497 0.99962634 0.99962711 0.99962842
           0.99962866 0.99963081 0.99963194 0.99963361 0.99963444
           0.99963564 0.99963623 0.99963760 0.99963969 0.99964118
           0.99964219 0.99964374 0.99964511 0.99964672 0.99964762
           0.99964917 0.99965030 0.99965191 0.99965298 0.99965423
           0.99965537 0.99965638 0.99965805 0.99965906 0.99966055
           0.99966210 0.99966335 0.99966437 0.99966574 0.99966687
           0.99966776 0.99966890 0.99967033 0.99967182 0.99967349
           0.99967396 0.99967533 0.99967700 0.99967790 0.99967927
           0.99968082 0.99968159 0.99968261 0.99968362 0.99968475
           0.99968576 0.99968678 0.99968851 0.99968994 0.99969131
           0.99969167 0.99969298 0.99969399 0.99969488 0.99969560
           0.99969703 0.99969727 0.99969864 0.99969929 0.99970055
           0.99970186 0.99970335 0.99970424 0.99970502 0.99970663
           0.99970764 0.99970877 0.99970943 0.99971008 0.99971080
           0.99971157 0.99971211 0.99971336 0.99971449 0.99971575
           0.99971598 0.99971730 0.99971867 0.99971956 0.99972069
           0.99972171 0.99972284 0.99972421 0.99972552 0.99972665
           0.99972743 0.99972844 0.99972904 0.99972969 0.99973035
           0.99973148 0.99973243 0.99973321 0.99973422 0.99973476
           0.99973547 0.99973637 0.99973756 0.99973840 0.99973917
           0.99974018 0.99974072 0.99974197 0.99974263 0.99974424
           0.99974489 0.99974567 0.99974728 0.99974793 0.99974883
           0.99974972 0.99975044 0.99975085 0.99975145 0.99975270
           0.99975359 0.99975425 0.99975550 0.99975705 0.99975777
           0.99975896 0.99975979 0.99976081 0.99976122 0.99976182
           0.99976301 0.99976313 0.99976397 0.99976498 0.99976641
           0.99976707 0.99976879 0.99976921 0.99976993 0.99977070
           0.99977195 0.99977285 0.99977362 0.99977511 0.99977565
           0.99977612 0.99977654 0.99977678 0.99977779 0.99977833
           0.99977934 0.99977994 0.99978048 0.99978095 0.99978131
           0.99978161 0.99978209 0.99978238 0.99978310 0.99978387
           0.99978465 0.99978554 0.99978578 0.99978667 0.99978745
           0.99978769 0.99978828 0.99978870 0.99978942 0.99979031
           0.99979097 0.99979186 0.99979258 0.99979299 0.99979365
           0.99979436 0.99979514 0.99979615 0.99979669 0.99979752
           0.99979752 0.99979806 0.99979830 0.99979895 0.99979931
           0.99980032 0.99980122 0.99980199 0.99980289 0.99980336
           0.99980390 0.99980474 0.99980563 0.99980617 0.99980652
           0.99980742 0.99980783 0.99980831 0.99980932 0.99981010
           0.99981070 0.99981159 0.99981195 0.99981260 0.99981314
           0.99981374 0.99981427 0.99981505 0.99981564 0.99981606
           0.99981630 0.99981701 0.99981809 0.99981868 0.99981910
           0.99981934 0.99982023 0.99982059 0.99982113 0.99982136
           0.99982208 0.99982285 0.99982375 0.99982464 0.99982518
           0.99982578 0.99982619 0.99982655 0.99982655 0.99982715
           0.99982733 0.99982733 0.99982816 0.99982846 0.99982947
           0.99983019 0.99983060 0.99983120 0.99983138 0.99983186
           0.99983221 0.99983263 0.99983311 0.99983352 0.99983388
           0.99983424 0.99983478 0.99983513 0.99983555 0.99983603
           0.99983627 0.99983704 0.99983770 0.99983805 0.99983847
           0.99983919 0.99983943 0.99984008 0.99984062 0.99984086
           0.99984163 0.99984211 0.99984252 0.99984288 0.99984348
           0.99984401 0.99984425 0.99984455 0.99984467 0.99984503
           0.99984550 0.99984640 0.99984682 0.99984705 0.99984741
           0.99984759 0.99984783 0.99984807 0.99984860 0.99984908
           0.99984932 0.99985009 0.99985063 0.99985111 0.99985200
           0.99985224 0.99985224 0.99985301 0.99985349 0.99985403
           0.99985462 0.99985504 0.99985594 0.99985629 0.99985707
           0.99985754 0.99985766 0.99985808 0.99985880 0.99985945
           0.99985999 0.99986058 0.99986100 0.99986148 0.99986184
           0.99986190 0.99986213 0.99986273 0.99986315 0.99986374
           0.99986386 0.99986386 0.99986440 0.99986517 0.99986565
           0.99986619 0.99986666 0.99986690 0.99986732 0.99986798
           0.99986833 0.99986833 0.99986869 0.99986881 0.99986899
           0.99986923 0.99986970 0.99986970 0.99986994 0.99987024
           0.99987108 0.99987137 0.99987137 0.99987161 0.99987239
           0.99987251 0.99987262 0.99987316 0.99987364 0.99987376
           0.99987441 0.99987453 0.99987477 0.99987519 0.99987566
           0.99987566 0.99987614 0.99987644 0.99987680 0.99987692
           0.99987745 0.99987769 0.99987835 0.99987906 0.99987972
           0.99987972 0.99987996 0.99988049 0.99988121 0.99988121
           0.99988151 0.99988198 0.99988210 0.99988240 0.99988240
           0.99988252 0.99988288 0.99988312 0.99988323 0.99988353
           0.99988401 0.99988443 0.99988467 0.99988514 0.99988556
           0.99988580 0.99988616 0.99988645 0.99988657 0.99988693
           0.99988747 0.99988759 0.99988794 0.99988794 0.99988830
           0.99988830 0.99988872 0.99988908 0.99988931 0.99988949
           0.99988997 0.99989021 0.99989051 0.99989086 0.99989110
           0.99989146 0.99989188 0.99989212 0.99989235 0.99989247
           0.99989301 0.99989325 0.99989355 0.99989414 0.99989456
           0.99989504 0.99989516 0.99989527 0.99989551 0.99989605
           0.99989659 0.99989682 0.99989754 0.99989772 0.99989772
           0.99989772 0.99989808 0.99989808 0.99989831 0.99989831
           0.99989855 0.99989897 0.99989909 0.99989933 0.99989998
           0.99990022 0.99990022 0.99990022 0.99990046 0.99990046
           0.99990046 0.99990088 0.99990100 0.99990112 0.99990147
           0.99990201 0.99990249 0.99990278 0.99990278 0.99990278
           0.99990326 0.99990338 0.99990380 0.99990404 0.99990439
           0.99990463 0.99990463 0.99990481 0.99990517 0.99990541
           0.99990571 0.99990618 0.99990654 0.99990684 0.99990696
           0.99990743 0.99990767 0.99990797 0.99990797 0.99990809
           0.99990821 0.99990875 0.99990886 0.99990898 0.99990910
           0.99990934 0.99990970 0.99991000 0.99991035 0.99991059
           0.99991083 0.99991113 0.99991137 0.99991137 0.99991161
           0.99991190 0.99991214 0.99991250 0.99991262 0.99991262
           0.99991286 0.99991328 0.99991328 0.99991375 0.99991417
           0.99991465 0.99991477 0.99991506 0.99991518 0.99991530
           0.99991530 0.99991554 0.99991554 0.99991554 0.99991566
           0.99991578 0.99991596 0.99991608 0.99991608 0.99991620
           0.99991643 0.99991643 0.99991667 0.99991691 0.99991721
           0.99991721 0.99991721 0.99991721 0.99991745 0.99991781
           0.99991810 0.99991822 0.99991846 0.99991870 0.99991912
           0.99991912 0.99991924 0.99991959 0.99991983 0.99992025
           0.99992037 0.99992049 0.99992085 0.99992085 0.99992096
           0.99992102 0.99992126 0.99992138 0.99992138 0.99992174
           0.99992228 0.99992239 0.99992263 0.99992263 0.99992299
           0.99992317 0.99992329 0.99992353 0.99992388 0.99992406
           0.99992430 0.99992442 0.99992454 0.99992490 0.99992520
           0.99992555 0.99992555 0.99992555 0.99992555 0.99992567
           0.99992567 0.99992579 0.99992633 0.99992657 0.99992657
           0.99992669 0.99992704 0.99992710 0.99992722 0.99992722
           0.99992722 0.99992746 0.99992758 0.99992770 0.99992794
           0.99992812 0.99992812 0.99992812 0.99992836 0.99992847
           0.99992883 0.99992895 0.99992907 0.99992913 0.99992925
           0.99992937 0.99992937 0.99992937 0.99992949 0.99992949
           0.99992961 0.99992973 0.99992985 0.99992996 0.99993008
           0.99993026 0.99993062 0.99993074 0.99993086 0.99993086
           0.99993098 0.99993122 0.99993122 0.99993140 0.99993175
           0.99993175 0.99993199 0.99993199 0.99993211 0.99993211
           0.99993223 0.99993223 0.99993223 0.99993241 0.99993265
           0.99993277 0.99993289 0.99993300 0.99993300 0.99993300
           0.99993324 0.99993342 0.99993354 0.99993366 0.99993402
           0.99993414 0.99993426 0.99993432 0.99993443 0.99993443
           0.99993455 0.99993491 0.99993503 0.99993533 0.99993545
           0.99993569 0.99993593 0.99993593 0.99993604 0.99993628
           0.99993670 0.99993682 0.99993694 0.99993706 0.99993730
           0.99993759 0.99993783 0.99993795 0.99993795 0.99993795
           0.99993795 0.99993807 0.99993819 0.99993819 0.99993819
           0.99993831 0.99993873 0.99993908 0.99993908 0.99993908
           0.99993908 0.99993938 0.99993950 0.99993962 0.99993962
           0.99993974 0.99993998 0.99993998 0.99994022 0.99994022
           0.99994040 0.99994051 0.99994051 0.99994063 0.99994099
           0.99994123 0.99994123 0.99994165 0.99994165 0.99994200
           0.99994224 0.99994236 0.99994242 0.99994254 0.99994266
           0.99994290 0.99994290 0.99994302 0.99994302 0.99994326
           0.99994326 0.99994326 0.99994338 0.99994338 0.99994355
           0.99994355 0.99994355 0.99994355 0.99994355 0.99994367
           0.99994367 0.99994379 0.99994379 0.99994379 0.99994379
           0.99994379 0.99994403 0.99994415 0.99994427 0.99994457
           0.99994493 0.99994493 0.99994493 0.99994504 0.99994504
           0.99994504 0.99994528 0.99994540 0.99994546 0.99994570
           0.99994594 0.99994618 0.99994642 0.99994659 0.99994683
           0.99994683 0.99994707 0.99994707 0.99994707 0.99994719
           0.99994743 0.99994743 0.99994749 0.99994749 0.99994773
           0.99994797 0.99994832 0.99994832 0.99994832 0.99994832
           0.99994832 0.99994844 0.99994862 0.99994886 0.99994886
           0.99994886 0.99994898 0.99994910 0.99994910 0.99994922
           0.99994922 0.99994946 0.99994963 0.99994963 0.99994975
           0.99994987 0.99994999 0.99994999 0.99994999 0.99995023
           0.99995059 0.99995077 0.99995100 0.99995100 0.99995100
           0.99995112 0.99995112 0.99995112 0.99995112 0.99995112
           0.99995148 0.99995148 0.99995160 0.99995178 0.99995178
           0.99995202 0.99995214 0.99995214 0.99995226 0.99995238
           0.99995250 0.99995261 0.99995267 0.99995303 0.99995303
           0.99995315 0.99995315 0.99995315 0.99995327 0.99995339
           0.99995351 0.99995351 0.99995363 0.99995381 0.99995393
           0.99995404 0.99995404 0.99995428 0.99995428 0.99995428
           0.99995428 0.99995428 0.99995428 0.99995428 0.99995428
           0.99995428 0.99995452 0.99995470 0.99995470 0.99995470
           0.99995482 0.99995506 0.99995518 0.99995530 0.99995530
           0.99995571 0.99995571 0.99995583 0.99995583 0.99995607
           0.99995607 0.99995607 0.99995607 0.99995607 0.99995619
           0.99995619 0.99995619 0.99995631 0.99995631 0.99995631
           0.99995643 0.99995667 0.99995673 0.99995673 0.99995685
           0.99995685 0.99995708 0.99995708 0.99995720 0.99995720
           0.99995744 0.99995756 0.99995756 0.99995768 0.99995768
           0.99995768 0.99995774 0.99995786 0.99995786 0.99995786
           0.99995810 0.99995810 0.99995834 0.99995834 0.99995834
           0.99995846 0.99995857 0.99995857 0.99995857 0.99995869
           0.99995875 0.99995875 0.99995899 0.99995899 0.99995899
           0.99995899 0.99995911 0.99995923 0.99995923 0.99995959
           0.99995959 0.99995959 0.99995959 0.99995971 0.99995971
           0.99995971 0.99995977 0.99995977 0.99995977 0.99995989
           0.99996001 0.99996001 0.99996024 0.99996024 0.99996048
           0.99996048 0.99996060 0.99996078 0.99996078 0.99996078
           0.99996102 0.99996114 0.99996138 0.99996138 0.99996161
           0.99996173 0.99996179 0.99996179 0.99996179 0.99996191
           0.99996203 0.99996215 0.99996215 0.99996239 0.99996239
           0.99996263 0.99996263 0.99996263 0.99996263 0.99996263
           0.99996263 0.99996281 0.99996281 0.99996281 0.99996281
           0.99996281 0.99996281 0.99996305 0.99996305 0.99996316
           0.99996316 0.99996316 0.99996316 0.99996316 0.99996328
           0.99996328 0.99996328 0.99996340 0.99996340 0.99996340
           0.99996352 0.99996364 0.99996364 0.99996364 0.99996376
           0.99996382 0.99996394 0.99996394 0.99996406 0.99996418
           0.99996442 0.99996442 0.99996442 0.99996454 0.99996465
           0.99996477 0.99996483 0.99996495 0.99996495 0.99996507
           0.99996531 0.99996531 0.99996531 0.99996543 0.99996555
           0.99996567 0.99996567 0.99996567 0.99996579 0.99996585
           0.99996585 0.99996585 0.99996585 0.99996585 0.99996585
           0.99996597 0.99996597 0.99996597 0.99996597 0.99996597
           0.99996597 0.99996597 0.99996608 0.99996608 0.99996608
           0.99996620 0.99996632 0.99996644 0.99996644 0.99996644
           0.99996656 0.99996656 0.99996656 0.99996656 0.99996656
           0.99996656 0.99996656 0.99996656 0.99996656 0.99996668
           0.99996686 0.99996686 0.99996686 0.99996686 0.99996710
           0.99996710 0.99996710 0.99996710 0.99996710 0.99996710
           0.99996710 0.99996710 0.99996722 0.99996734 0.99996746
           0.99996758 0.99996758 0.99996758 0.99996758 0.99996758
           0.99996758 0.99996758 0.99996781 0.99996787 0.99996787
           0.99996811 0.99996823 0.99996823 0.99996823 0.99996823
           0.99996823 0.99996823 0.99996823 0.99996835 0.99996847
           0.99996847 0.99996847 0.99996847 0.99996859 0.99996871
           0.99996883 0.99996883 0.99996889 0.99996889 0.99996912
           0.99996936 0.99996948 0.99996948 0.99996948 0.99996960
           0.99996960 0.99996984 0.99996990 0.99997002 0.99997014
           0.99997014 0.99997014 0.99997026 0.99997026 0.99997026
           0.99997038 0.99997038 0.99997038 0.99997038 0.99997038
           0.99997038 0.99997038 0.99997038 0.99997038 0.99997038
           0.99997038 0.99997038 0.99997050 0.99997073 0.99997085
           0.99997085 0.99997085 0.99997085 0.99997085 0.99997085
           0.99997085 0.99997097 0.99997097 0.99997097 0.99997097
           0.99997103 0.99997103 0.99997115 0.99997139 0.99997139
           0.99997139 0.99997139 0.99997139 0.99997151 0.99997151
           0.99997163 0.99997175 0.99997187 0.99997187 0.99997187
           0.99997187 0.99997187 0.99997199 0.99997205 0.99997216
           0.99997216 0.99997228 0.99997228 0.99997228 0.99997228
           0.99997228 0.99997228 0.99997228 0.99997228 0.99997228
           0.99997228 0.99997228 0.99997228 0.99997240 0.99997240
           0.99997252 0.99997252 0.99997252 0.99997252 0.99997264
           0.99997264 0.99997264 0.99997264 0.99997264 0.99997264
           0.99997264 0.99997264 0.99997264 0.99997276 0.99997276
           0.99997288 0.99997288 0.99997288 0.99997288 0.99997288
           0.99997288 0.99997288 0.99997288 0.99997288 0.99997288
           0.99997288 0.99997288 0.99997300 0.99997300 0.99997300
           0.99997300 0.99997318 0.99997318 0.99997318 0.99997318
           0.99997330 0.99997342 0.99997342 0.99997342 0.99997342
           0.99997342 0.99997342 0.99997342 0.99997342 0.99997354
           0.99997354 0.99997354 0.99997354 0.99997354 0.99997365
           0.99997365 0.99997365 0.99997365 0.99997365 0.99997365
           0.99997365 0.99997365 0.99997365 0.99997377 0.99997377
           0.99997389 0.99997389 0.99997407 0.99997407 0.99997407
           0.99997407 0.99997407 0.99997407 0.99997407 0.99997407
           0.99997419 0.99997419 0.99997419 0.99997431 0.99997455
           0.99997455 0.99997467 0.99997467 0.99997467 0.99997479
           0.99997479 0.99997479 0.99997479 0.99997479 0.99997479
           0.99997479 0.99997491 0.99997491 0.99997503 0.99997509
           0.99997509 0.99997520 0.99997520 0.99997520 0.99997520
           0.99997544 0.99997556 0.99997556 0.99997556 0.99997556
           0.99997568 0.99997580 0.99997592 0.99997604 0.99997604
           0.99997604 0.99997604 0.99997604 0.99997604 0.99997604
           0.99997604 0.99997604 0.99997610 0.99997610 0.99997610
           0.99997610 0.99997610 0.99997610 0.99997610 0.99997622
           0.99997634 0.99997646 0.99997646 0.99997646 0.99997658
           0.99997681 0.99997681 0.99997693 0.99997693 0.99997693
           0.99997705 0.99997705 0.99997705 0.99997711 0.99997711
           0.99997723 0.99997723 0.99997735 0.99997735 0.99997735
           0.99997747 0.99997747 0.99997747 0.99997747 0.99997771
           0.99997771 0.99997771 0.99997771 0.99997771 0.99997783
           0.99997783 0.99997783 0.99997807 0.99997813 0.99997824
           0.99997824 0.99997824 0.99997824 0.99997824 0.99997824
           0.99997836 0.99997836 0.99997836 0.99997836 0.99997836
           0.99997836 0.99997836 0.99997848 0.99997848 0.99997872
           0.99997872 0.99997872 0.99997884 0.99997884 0.99997884
           0.99997896 0.99997896 0.99997896 0.99997896 0.99997908
           0.99997908 0.99997908 0.99997908 0.99997908 0.99997908
           0.99997914 0.99997914 0.99997926 0.99997926 0.99997926
           0.99997926 0.99997926 0.99997926 0.99997926 0.99997938
           0.99997938 0.99997950 0.99997950 0.99997950 0.99997962
           0.99997962 0.99997962 0.99997962 0.99997962 0.99997962
           0.99997962 0.99997973 0.99997973 0.99997973 0.99997985
           0.99997985 0.99997985 0.99997985 0.99997985 0.99997997
           0.99997997 0.99998009 0.99998009 0.99998009 0.99998015
           0.99998015 0.99998015 0.99998027 0.99998039 0.99998039
           0.99998051 0.99998063 0.99998075 0.99998075 0.99998075
           0.99998075 0.99998075 0.99998099 0.99998099 0.99998099
           0.99998099 0.99998099 0.99998099 0.99998099 0.99998099
           0.99998111 0.99998128 0.99998128 0.99998128 0.99998128
           0.99998128 0.99998128 0.99998128 0.99998128 0.99998128
           0.99998128 0.99998128 0.99998128 0.99998140 0.99998140
           0.99998140 0.99998140 0.99998152 0.99998152 0.99998152
           0.99998164 0.99998176 0.99998176 0.99998176 0.99998188
           0.99998200 0.99998200 0.99998212 0.99998218 0.99998218
           0.99998218 0.99998218 0.99998218 0.99998218 0.99998218
           0.99998230 0.99998230 0.99998230 0.99998242 0.99998242
           0.99998242 0.99998242 0.99998242 0.99998254 0.99998266
           0.99998266 0.99998277 0.99998277 0.99998277 0.99998289
           0.99998289 0.99998289 0.99998289 0.99998289 0.99998289
           0.99998289 0.99998301 0.99998301 0.99998301 0.99998313
           0.99998319 0.99998319 0.99998319 0.99998319 0.99998319
           0.99998319 0.99998319 0.99998319 0.99998319 0.99998319
           0.99998331 0.99998343 0.99998343 0.99998343 0.99998355
           0.99998355 0.99998355 0.99998367 0.99998367 0.99998367
           0.99998367 0.99998367 0.99998367 0.99998379 0.99998391
           0.99998391 0.99998391 0.99998391 0.99998391 0.99998403
           0.99998403 0.99998403 0.99998403 0.99998403 0.99998415
           0.99998415 0.99998415 0.99998420 0.99998420 0.99998420
           0.99998432 0.99998432 0.99998432 0.99998444 0.99998444
           0.99998456 0.99998456 0.99998456 0.99998456 0.99998456
           0.99998456 0.99998468 0.99998468 0.99998468 0.99998468
           0.99998468 0.99998468 0.99998468 0.99998480 0.99998480
           0.99998480 0.99998480 0.99998480 0.99998480 0.99998480
           0.99998492 0.99998492 0.99998492 0.99998492 0.99998492
           0.99998492 0.99998492 0.99998492 0.99998492 0.99998492
           0.99998492 0.99998492 0.99998492 0.99998492 0.99998492
           0.99998492 0.99998492 0.99998492 0.99998492 0.99998492
           0.99998492 0.99998504 0.99998504 0.99998504 0.99998504
           0.99998504 0.99998504 0.99998516 0.99998516 0.99998516
           0.99998516 0.99998516 0.99998516 0.99998516 0.99998516
           0.99998522 0.99998534 0.99998534 0.99998534 0.99998534
           0.99998534 0.99998534 0.99998534 0.99998534 0.99998546
           0.99998546 0.99998546 0.99998546 0.99998546 0.99998546
           0.99998546 0.99998558 0.99998569 0.99998581 0.99998581
           0.99998581 0.99998581 0.99998593 0.99998593 0.99998593
           0.99998593 0.99998605 0.99998605 0.99998605 0.99998605
           0.99998605 0.99998605 0.99998605 0.99998605 0.99998605
           0.99998617 0.99998617 0.99998623 0.99998623 0.99998623
           0.99998623 0.99998623 0.99998623 0.99998635 0.99998635
           0.99998647 0.99998659 0.99998659 0.99998659 0.99998659
           0.99998659 0.99998659 0.99998659 0.99998659 0.99998659
           0.99998671 0.99998671 0.99998671 0.99998683 0.99998683
           0.99998683 0.99998695 0.99998695 0.99998695 0.99998695
           0.99998695 0.99998695 0.99998695 0.99998695 0.99998695
           0.99998695 0.99998695 0.99998695 0.99998707 0.99998707
           0.99998707 0.99998707 0.99998707 0.99998707 0.99998707
           0.99998719 0.99998719 0.99998719 0.99998719 0.99998719
           0.99998724 0.99998724 0.99998724 0.99998724 0.99998724
           0.99998724 0.99998724 0.99998736 0.99998736 0.99998736
           0.99998736 0.99998736 0.99998736 0.99998736 0.99998736
           0.99998736 0.99998736 0.99998736 0.99998736 0.99998736
           0.99998748 0.99998748 0.99998748 0.99998748 0.99998760
           0.99998760 0.99998760 0.99998760 0.99998760 0.99998760
           0.99998760 0.99998760 0.99998772 0.99998772 0.99998772
           0.99998784 0.99998784 0.99998784 0.99998784 0.99998784
           0.99998784 0.99998784 0.99998784 0.99998784 0.99998784
           0.99998784 0.99998796 0.99998808 0.99998820 0.99998826
           0.99998826 0.99998826 0.99998826 0.99998826 0.99998826
           0.99998838 0.99998838 0.99998838 0.99998838 0.99998838
           0.99998850 0.99998850 0.99998850 0.99998850 0.99998850
           0.99998850 0.99998850 0.99998850 0.99998862 0.99998862
           0.99998862 0.99998862 0.99998862 0.99998873 0.99998873
           0.99998873 0.99998885 0.99998885 0.99998885 0.99998885
           0.99998885 0.99998897 0.99998897 0.99998897 0.99998897
           0.99998897 0.99998897 0.99998909 0.99998921 0.99998921
           0.99998921 0.99998921 0.99998927 0.99998927 0.99998939
           0.99998939 0.99998939 0.99998939 0.99998939 0.99998939
           0.99998939 0.99998951 0.99998951 0.99998951 0.99998951
           0.99998951 0.99998963 0.99998963 0.99998963 0.99998963
           0.99998975 0.99998975 0.99998987 0.99998987 0.99998987
           0.99998987 0.99998987 0.99998987 0.99998987 0.99998999
           0.99998999 0.99999011 0.99999011 0.99999022 0.99999022
           0.99999022 0.99999034 0.99999034 0.99999034 0.99999034
           0.99999034 0.99999034 0.99999040 0.99999052 0.99999052
           0.99999052 0.99999064 0.99999064 0.99999064 0.99999064
           0.99999064 0.99999064 0.99999064 0.99999076 0.99999076
           0.99999076 0.99999076 0.99999076 0.99999088 0.99999088
           0.99999100 0.99999100 0.99999112 0.99999112 0.99999112
           0.99999112 0.99999112 0.99999124 0.99999124 0.99999124
           0.99999124 0.99999124 0.99999124 0.99999124 0.99999142
           0.99999142 0.99999142 0.99999142 0.99999142 0.99999142
           0.99999142 0.99999142 0.99999142 0.99999142 0.99999142
           0.99999142 0.99999154 0.99999154 0.99999154 0.99999154
           0.99999154 0.99999166 0.99999166 0.99999166 0.99999166
           0.99999166 0.99999166 0.99999166 0.99999177 0.99999177
           0.99999189 0.99999189 0.99999189 0.99999189 0.99999189
           0.99999189 0.99999189 0.99999201 0.99999201 0.99999201
           0.99999213 0.99999213 0.99999213 0.99999225 0.99999237
           0.99999237 0.99999237 0.99999243 0.99999255 0.99999255
           0.99999255 0.99999255 0.99999255 0.99999255 0.99999255
           0.99999255 0.99999255 0.99999267 0.99999267 0.99999267
           0.99999267 0.99999267 0.99999267 0.99999279 0.99999279
           0.99999279 0.99999279 0.99999279 0.99999279 0.99999279
           0.99999279 0.99999279 0.99999291 0.99999291 0.99999303
           0.99999303 0.99999303 0.99999303 0.99999303 0.99999303
           0.99999303 0.99999303 0.99999315 0.99999315 0.99999315
           0.99999315 0.99999315 0.99999315 0.99999315 0.99999315
           0.99999326 0.99999326 0.99999326 0.99999326 0.99999338
           0.99999344 0.99999344 0.99999344 0.99999344 0.99999344
           0.99999344 0.99999344 0.99999344 0.99999344 0.99999344
           0.99999344 0.99999344 0.99999344 0.99999356 0.99999356
           0.99999356 0.99999356 0.99999356 0.99999356 0.99999356
           0.99999356 0.99999356 0.99999356 0.99999356 0.99999356
           0.99999356 0.99999356 0.99999356 0.99999368 0.99999380
           0.99999380 0.99999380 0.99999380 0.99999380 0.99999380
           0.99999380 0.99999380 0.99999380 0.99999380 0.99999380
           0.99999380 0.99999392 0.99999392 0.99999392 0.99999392
           0.99999392 0.99999392 0.99999392 0.99999392 0.99999404
           0.99999416 0.99999416 0.99999416 0.99999416 0.99999416
           0.99999416 0.99999416 0.99999416 0.99999416 0.99999416
           0.99999416 0.99999416 0.99999428 0.99999428 0.99999440
           0.99999440 0.99999440 0.99999440 0.99999440 0.99999440
           0.99999440 0.99999440 0.99999440 0.99999440 0.99999440
           0.99999440 0.99999446 0.99999446 0.99999446 0.99999446
           0.99999446 0.99999446 0.99999446 0.99999446 0.99999446
           0.99999458 0.99999458 0.99999458 0.99999458 0.99999458
           0.99999470 0.99999470 0.99999470 0.99999470 0.99999481
           0.99999481 0.99999481 0.99999481 0.99999481 0.99999481
           0.99999481 0.99999481 0.99999481 0.99999481 0.99999481
           0.99999481 0.99999481 0.99999481 0.99999481 0.99999481
           0.99999493 0.99999505 0.99999505 0.99999505 0.99999505
           0.99999505 0.99999505 0.99999505 0.99999505 0.99999505
           0.99999517 0.99999517 0.99999517 0.99999517 0.99999517
           0.99999517 0.99999517 0.99999517 0.99999517 0.99999517
           0.99999517 0.99999517 0.99999517 0.99999517 0.99999517
           0.99999529 0.99999529 0.99999529 0.99999529 0.99999529
           0.99999529 0.99999529 0.99999529 0.99999529 0.99999529
           0.99999529 0.99999529 0.99999529 0.99999541 0.99999541
           0.99999547 0.99999547 0.99999547 0.99999547 0.99999559
           0.99999559 0.99999559 0.99999559 0.99999571 0.99999571
           0.99999571 0.99999571 0.99999571 0.99999571 0.99999571
           0.99999571 0.99999571 0.99999571 0.99999571 0.99999571
           0.99999571 0.99999571 0.99999571 0.99999571 0.99999571
           0.99999571 0.99999571 0.99999571 0.99999571 0.99999571
           0.99999571 0.99999571 0.99999571 0.99999571 0.99999571
           0.99999571 0.99999571 0.99999571 0.99999571 0.99999571
           0.99999583 0.99999583 0.99999583 0.99999583 0.99999595
           0.99999595 0.99999595 0.99999595 0.99999595 0.99999595
           0.99999595 0.99999595 0.99999595 0.99999595 0.99999595
           0.99999595 0.99999607 0.99999607 0.99999607 0.99999607
           0.99999607 0.99999607 0.99999607 0.99999607 0.99999607
           0.99999607 0.99999607 0.99999607 0.99999607 0.99999607
           0.99999607 0.99999607 0.99999607 0.99999607 0.99999607
           0.99999607 0.99999607 0.99999607 0.99999607 0.99999607
           0.99999607 0.99999619 0.99999619 0.99999619 0.99999619
           0.99999619 0.99999619 0.99999619 0.99999619 0.99999619
           0.99999619 0.99999619 0.99999619 0.99999619 0.99999619
           0.99999619 0.99999619 0.99999619 0.99999619 0.99999619
           0.99999619 0.99999619 0.99999619 0.99999619 0.99999619
           0.99999619 0.99999619 0.99999619 0.99999619 0.99999619
           0.99999630 0.99999642 0.99999642 0.99999642 0.99999642
           0.99999642 0.99999642 0.99999642 0.99999642 0.99999642
           0.99999642 0.99999642 0.99999642 0.99999642 0.99999642
           0.99999642 0.99999642 0.99999642 0.99999642 0.99999642
           0.99999642 0.99999642 0.99999642 0.99999642 0.99999642
           0.99999648 0.99999648 0.99999648 0.99999648 0.99999648
           0.99999648 0.99999648 0.99999648 0.99999648 0.99999648
           0.99999648 0.99999648 0.99999648 0.99999648 0.99999648
           0.99999648 0.99999648 0.99999648 0.99999648 0.99999648
           0.99999648 0.99999648 0.99999648 0.99999648 0.99999648
           0.99999648 0.99999648 0.99999648 0.99999648 0.99999648
           0.99999648 0.99999648 0.99999648 0.99999648 0.99999648
           0.99999648 0.99999648 0.99999648 0.99999648 0.99999648
           0.99999648 0.99999648 0.99999648 0.99999648 0.99999648
           0.99999648 0.99999660 0.99999660 0.99999660 0.99999660
           0.99999660 0.99999660 0.99999660 0.99999660 0.99999660
           0.99999660 0.99999660 0.99999660 0.99999660 0.99999660
           0.99999660 0.99999660 0.99999660 0.99999660 0.99999660
           0.99999660 0.99999660 0.99999660 0.99999660 0.99999672
           0.99999672 0.99999672 0.99999672 0.99999672 0.99999672
           0.99999672 0.99999672 0.99999672 0.99999672 0.99999672
           0.99999672 0.99999672 0.99999672 0.99999684 0.99999684
           0.99999684 0.99999684 0.99999684 0.99999684 0.99999684
           0.99999684 0.99999684 0.99999684 0.99999684 0.99999684
           0.99999684 0.99999684 0.99999684 0.99999684 0.99999684
           0.99999684 0.99999684 0.99999684 0.99999684 0.99999684
           0.99999684 0.99999684 0.99999684 0.99999684 0.99999684
           0.99999684 0.99999684 0.99999684 0.99999684 0.99999684
           0.99999684 0.99999684 0.99999684 0.99999684 0.99999684
           0.99999684 0.99999684 0.99999684 0.99999684 0.99999684
           0.99999684 0.99999684 0.99999684 0.99999684 0.99999684
           0.99999684 0.99999684 0.99999684 0.99999684 0.99999684
           0.99999684 0.99999684 0.99999684 0.99999684 0.99999684
           0.99999684 0.99999696 0.99999696 0.99999696 0.99999696
           0.99999696 0.99999696 0.99999696 0.99999696 0.99999696
           0.99999696 0.99999708 0.99999708 0.99999708 0.99999708
           0.99999708 0.99999708 0.99999708 0.99999708 0.99999708
           0.99999708 0.99999708 0.99999708 0.99999708 0.99999708
           0.99999708 0.99999708 0.99999720 0.99999720 0.99999720
           0.99999720 0.99999720 0.99999720 0.99999720 0.99999720
           0.99999720 0.99999720 0.99999732 0.99999732 0.99999732
           0.99999732 0.99999732 0.99999732 0.99999732 0.99999732
           0.99999732 0.99999732 0.99999732 0.99999732 0.99999732
           0.99999732 0.99999732 0.99999732 0.99999732 0.99999732
           0.99999732 0.99999732 0.99999732 0.99999732 0.99999732
           0.99999732 0.99999732 0.99999732 0.99999732 0.99999732
           0.99999732 0.99999732 0.99999732 0.99999732 0.99999732
           0.99999732 0.99999732 0.99999732 0.99999732 0.99999732
           0.99999732 0.99999732 0.99999732 0.99999732 0.99999732
           0.99999732 0.99999732 0.99999732 0.99999732 0.99999732
           0.99999732 0.99999732 0.99999732 0.99999732 0.99999732
           0.99999732 0.99999732 0.99999732 0.99999732 0.99999732
           0.99999732 0.99999732 0.99999732 0.99999732 0.99999732
           0.99999732 0.99999732 0.99999732 0.99999732 0.99999732
           0.99999732 0.99999732 0.99999732 0.99999732 0.99999732
           0.99999732 0.99999732 0.99999732 0.99999732 0.99999732
           0.99999732 0.99999732 0.99999732 0.99999732 0.99999732
           0.99999732 0.99999732 0.99999732 0.99999732 0.99999732
           0.99999732 0.99999732 0.99999732 0.99999732 0.99999732
           0.99999732 0.99999732 0.99999732 0.99999732 0.99999732
           0.99999732 0.99999732 0.99999732 0.99999732 0.99999732
           0.99999732 0.99999732 0.99999732 0.99999732 0.99999732
           0.99999732 0.99999732 0.99999732 0.99999732 0.99999732
           0.99999732 0.99999744 0.99999744 0.99999744 0.99999744
           0.99999744 0.99999744 0.99999744 0.99999750 0.99999750
           0.99999750 0.99999750 0.99999750 0.99999750 0.99999750
           0.99999750 0.99999750 0.99999750 0.99999750 0.99999750
           0.99999750 0.99999750 0.99999750 0.99999750 0.99999750
           0.99999750 0.99999750 0.99999750 0.99999762 0.99999774
           0.99999774 0.99999774 0.99999774 0.99999774 0.99999774
           0.99999774 0.99999774 0.99999774 0.99999774 0.99999774
           0.99999774 0.99999774 0.99999774 0.99999774 0.99999774
           0.99999774 0.99999774 0.99999774 0.99999774 0.99999774
           0.99999774 0.99999774 0.99999774 0.99999774 0.99999774
           0.99999774 0.99999774 0.99999774 0.99999774 0.99999774
           0.99999774 0.99999774 0.99999774 0.99999774 0.99999774
           0.99999774 0.99999785 0.99999785 0.99999785 0.99999785
           0.99999785 0.99999785 0.99999785 0.99999785 0.99999785
           0.99999785 0.99999785 0.99999785 0.99999785 0.99999785
           0.99999785 0.99999785 0.99999785 0.99999785 0.99999785
           0.99999785 0.99999785 0.99999797 0.99999797 0.99999797
           0.99999797 0.99999797 0.99999797 0.99999797 0.99999797
           0.99999797 0.99999797 0.99999797 0.99999797 0.99999797
           0.99999797 0.99999797 0.99999797 0.99999797 0.99999797
           0.99999797 0.99999797 0.99999797 0.99999797 0.99999797
           0.99999797 0.99999797 0.99999797 0.99999797 0.99999797
           0.99999797 0.99999797 0.99999797 0.99999797 0.99999797
           0.99999797 0.99999797 0.99999797 0.99999797 0.99999797
           0.99999797 0.99999797 0.99999797 0.99999797 0.99999797
           0.99999797 0.99999797 0.99999797 0.99999797 0.99999797
           0.99999797 0.99999797 0.99999797 0.99999797 0.99999797
           0.99999797 0.99999797 0.99999797 0.99999797 0.99999797
           0.99999797 0.99999797 0.99999797 0.99999797 0.99999797
           0.99999797 0.99999797 0.99999797 0.99999797 0.99999797
           0.99999809 0.99999821 0.99999821 0.99999821 0.99999821
           0.99999821 0.99999821 0.99999821 0.99999821 0.99999821
           0.99999821 0.99999821 0.99999821 0.99999821 0.99999821
           0.99999821 0.99999821 0.99999821 0.99999821 0.99999821
           0.99999821 0.99999821 0.99999821 0.99999821 0.99999821
           0.99999821 0.99999821 0.99999821 0.99999821 0.99999821
           0.99999821 0.99999821 0.99999821 0.99999821 0.99999821
           0.99999821 0.99999821 0.99999821 0.99999821 0.99999821
           0.99999821 0.99999821 0.99999821 0.99999821 0.99999821
           0.99999821 0.99999821 0.99999821 0.99999821 0.99999833
           0.99999833 0.99999833 0.99999833 0.99999833 0.99999833
           0.99999833 0.99999833 0.99999833 0.99999833 0.99999833
           0.99999833 0.99999833 0.99999833 0.99999833 0.99999833
           0.99999833 0.99999833 0.99999833 0.99999833 0.99999833
           0.99999833 0.99999845 0.99999845 0.99999845 0.99999845
           0.99999845 0.99999845 0.99999845 0.99999845 0.99999845
           0.99999845 0.99999845 0.99999845 0.99999845 0.99999845
           0.99999845 0.99999845 0.99999845 0.99999845 0.99999845
           0.99999845 0.99999845 0.99999845 0.99999845 0.99999845
           0.99999845 0.99999845 0.99999845 0.99999845 0.99999845
           0.99999845 0.99999845 0.99999845 0.99999845 0.99999851
           0.99999863 0.99999863 0.99999863 0.99999863 0.99999863
           0.99999863 0.99999863 0.99999863 0.99999863 0.99999863
           0.99999863 0.99999863 0.99999863 0.99999863 0.99999863
           0.99999863 0.99999863 0.99999863 0.99999863 0.99999863
           0.99999863 0.99999863 0.99999863 0.99999863 0.99999863
           0.99999863 0.99999863 0.99999863 0.99999863 0.99999863
           0.99999863 0.99999863 0.99999863 0.99999863 0.99999863
           0.99999863 0.99999863 0.99999863 0.99999863 0.99999863
           0.99999863 0.99999863 0.99999863 0.99999863 0.99999863
           0.99999863 0.99999863 0.99999863 0.99999863 0.99999863
           0.99999863 0.99999863 0.99999863 0.99999863 0.99999863
           0.99999863 0.99999863 0.99999863 0.99999863 0.99999863
           0.99999863 0.99999863 0.99999863 0.99999863 0.99999863
           0.99999863 0.99999863 0.99999863 0.99999863 0.99999863
           0.99999863 0.99999863 0.99999863 0.99999863 0.99999863
           0.99999863 0.99999863 0.99999863 0.99999863 0.99999863
           0.99999863 0.99999863 0.99999863 0.99999863 0.99999863
           0.99999863 0.99999863 0.99999863 0.99999863 0.99999863
           0.99999863 0.99999863 0.99999863 0.99999863 0.99999863
           0.99999863 0.99999863 0.99999863 0.99999863 0.99999863
           0.99999863 0.99999863 0.99999863 0.99999863 0.99999863
           0.99999863 0.99999863 0.99999863 0.99999863 0.99999863
           0.99999863 0.99999863 0.99999863 0.99999863 0.99999863
           0.99999863 0.99999863 0.99999863 0.99999863 0.99999863
           0.99999863 0.99999863 0.99999863 0.99999863 0.99999863
           0.99999863 0.99999863 0.99999863 0.99999875 0.99999875
           0.99999875 0.99999875 0.99999875 0.99999875 0.99999887
           0.99999887 0.99999887 0.99999887 0.99999887 0.99999887
           0.99999887 0.99999887 0.99999887 0.99999887 0.99999887
           0.99999887 0.99999887 0.99999887 0.99999887 0.99999887
           0.99999887 0.99999887 0.99999887 0.99999887 0.99999887
           0.99999887 0.99999887 0.99999887 0.99999887 0.99999887
           0.99999887 0.99999887 0.99999887 0.99999887 0.99999887
           0.99999887 0.99999887 0.99999887 0.99999887 0.99999887
           0.99999887 0.99999887 0.99999887 0.99999887 0.99999887
           0.99999887 0.99999887 0.99999887 0.99999887 0.99999887
           0.99999887 0.99999887 0.99999887 0.99999887 0.99999887
           0.99999899 0.99999899 0.99999899 0.99999899 0.99999899
           0.99999899 0.99999899 0.99999899 0.99999899 0.99999899
           0.99999899 0.99999899 0.99999899 0.99999899 0.99999899
           0.99999899 0.99999899 0.99999899 0.99999899 0.99999899
           0.99999899 0.99999899 0.99999899 0.99999899 0.99999899
           0.99999899 0.99999899 0.99999899 0.99999899 0.99999899
           0.99999899 0.99999899 0.99999899 0.99999899 0.99999899
           0.99999899 0.99999899 0.99999899 0.99999899 0.99999899
           0.99999899 0.99999899 0.99999899 0.99999899 0.99999899
           0.99999899 0.99999899 0.99999899 0.99999899 0.99999899
           0.99999899 0.99999899 0.99999899 0.99999899 0.99999899
           0.99999899 0.99999899 0.99999899 0.99999899 0.99999899
           0.99999899 0.99999899 0.99999899 0.99999899 0.99999899
           0.99999899 0.99999899 0.99999899 0.99999899 0.99999899
           0.99999899 0.99999899 0.99999899 0.99999899 0.99999899
           0.99999899 0.99999911 0.99999911 0.99999911 0.99999911
           0.99999911 0.99999911 0.99999911 0.99999911 0.99999911
           0.99999911 0.99999911 0.99999911 0.99999911 0.99999911
           0.99999911 0.99999911 0.99999911 0.99999911 0.99999911
           0.99999911 0.99999911 0.99999911 0.99999911 0.99999911
           0.99999911 0.99999911 0.99999911 0.99999911 0.99999911
           0.99999911 0.99999911 0.99999911 0.99999911 0.99999911
           0.99999911 0.99999911 0.99999911 0.99999911 0.99999911
           0.99999911 0.99999911 0.99999911 0.99999911 0.99999911
           0.99999911 0.99999911 0.99999911 0.99999911 0.99999911
           0.99999911 0.99999911 0.99999911 0.99999911 0.99999911
           0.99999911 0.99999911 0.99999911 0.99999911 0.99999911
           0.99999911 0.99999911 0.99999911 0.99999911 0.99999911
           0.99999911 0.99999911 0.99999911 0.99999911 0.99999911
           0.99999911 0.99999911 0.99999911 0.99999923 0.99999923
           0.99999923 0.99999923 0.99999923 0.99999923 0.99999923
           0.99999923 0.99999923 0.99999923 0.99999923 0.99999923
           0.99999923 0.99999923 0.99999923 0.99999923 0.99999923
           0.99999923 0.99999923 0.99999923 0.99999923 0.99999923
           0.99999923 0.99999923 0.99999923 0.99999923 0.99999923
           0.99999923 0.99999923 0.99999923 0.99999923 0.99999923
           0.99999923 0.99999923 0.99999923 0.99999923 0.99999923
           0.99999923 0.99999923 0.99999923 0.99999923 0.99999923
           0.99999923 0.99999923 0.99999923 0.99999923 0.99999923
           0.99999923 0.99999923 0.99999923 0.99999923 0.99999923
           0.99999923 0.99999923 0.99999923 0.99999923 0.99999923
           0.99999923 0.99999923 0.99999923 0.99999923 0.99999923
           0.99999923 0.99999923 0.99999923 0.99999923 0.99999923
           0.99999923 0.99999923 0.99999923 0.99999923 0.99999923
           0.99999923 0.99999934 0.99999934 0.99999934 0.99999934
           0.99999934 0.99999934 0.99999934 0.99999934 0.99999934
           0.99999934 0.99999934 0.99999934 0.99999934 0.99999934
           0.99999934 0.99999934 0.99999934 0.99999934 0.99999946
           0.99999946 0.99999946 0.99999946 0.99999946 0.99999946
           0.99999946 0.99999946 0.99999946 0.99999946 0.99999946
           0.99999946 0.99999946 0.99999946 0.99999946 0.99999946
           0.99999946 0.99999946 0.99999946 0.99999946 0.99999946
           0.99999946 0.99999946 0.99999946 0.99999946 0.99999946
           0.99999946 0.99999946 0.99999946 0.99999946 0.99999946
           0.99999946 0.99999946 0.99999946 0.99999946 0.99999946
           0.99999946 0.99999946 0.99999946 0.99999946 0.99999946
           0.99999946 0.99999946 0.99999946 0.99999946 0.99999946
           0.99999946 0.99999946 0.99999946 0.99999946 0.99999946
           0.99999946 0.99999946 0.99999946 0.99999946 0.99999946
           0.99999946 0.99999946 0.99999946 0.99999946 0.99999946
           0.99999946 0.99999946 0.99999946 0.99999946 0.99999952
           0.99999952 0.99999952 0.99999952 0.99999952 0.99999952
           0.99999952 0.99999952 0.99999952 0.99999952 0.99999952
           0.99999952 0.99999952 0.99999952 0.99999952 0.99999952
           0.99999952 0.99999952 0.99999952 0.99999952 0.99999952
           0.99999952 0.99999952 0.99999952 0.99999952 0.99999952
           0.99999952 0.99999952 0.99999964 0.99999964 0.99999964
           0.99999964 0.99999964 0.99999964 0.99999964 0.99999964
           0.99999964 0.99999964 0.99999964 0.99999964 0.99999964
           0.99999964 0.99999964 0.99999964 0.99999964 0.99999964
           0.99999964 0.99999964 0.99999964 0.99999964 0.99999964
           0.99999964 0.99999964 0.99999964 0.99999964 0.99999964
           0.99999964 0.99999964 0.99999964 0.99999964 0.99999964
           0.99999964 0.99999964 0.99999964 0.99999964 0.99999964
           0.99999964 0.99999964 0.99999964 0.99999964 0.99999964
           0.99999964 0.99999964 0.99999964 0.99999964 0.99999964
           0.99999964 0.99999964 0.99999964 0.99999964 0.99999964
           0.99999964 0.99999964 0.99999964 0.99999964 0.99999964
           0.99999964 0.99999964 0.99999964 0.99999964 0.99999964
           0.99999964 0.99999964 0.99999964 0.99999964 0.99999964
           0.99999964 0.99999964 0.99999964 0.99999964 0.99999964
           0.99999964 0.99999964 0.99999964 0.99999964 0.99999964
           0.99999964 0.99999964 0.99999964 0.99999964 0.99999964
           0.99999976 0.99999976 0.99999976 0.99999976 0.99999976
           0.99999976 0.99999976 0.99999976 0.99999976 0.99999976
           0.99999976 0.99999976 0.99999976 0.99999976 0.99999976
           0.99999976 0.99999976 0.99999976 0.99999976 0.99999976
           0.99999976 0.99999976 0.99999976 0.99999976 0.99999976
           0.99999976 0.99999976 0.99999976 0.99999976 0.99999988
           0.99999988 0.99999988 0.99999988 0.99999988 0.99999988
           0.99999988 0.99999988 0.99999988 0.99999988 0.99999988
           0.99999988 0.99999988 0.99999988 0.99999988 0.99999988
           0.99999988 0.99999988 0.99999988 0.99999988 0.99999988
           0.99999988 0.99999988 0.99999988 0.99999988 1.00000000
           1.00000000 1.00000000 1.00000000 1.00000000 1.00000000
           1.00000000 1.00000000 1.00000000 1.00000000 1.00000000
           1.00000000 1.00000000 1.00000000 1.00000000 1.00000000
           1.00000000 1.00000000 1.00000000 1.00000000 1.00000000
           1.00000000 1.00000000 1.00000000 1.00000000 1.00000000
           1.00000000 1.00000000 1.00000000 1.00000000 1.00000000
           1.00000000 1.00000000 1.00000000 1.00000000 1.00000000
           1.00000000 1.00000000 1.00000000 1.00000000 1.00000000
           1.00000000 1.00000000 1.00000000 1.00000000 1.00000000
           1.00000000 1.00000000 1.00000000 1.00000000 1.00000000
           1.00000000 1.00000000 1.00000000 1.00000000 1.00000000
           1.00000000 1.00000000 1.00000000 1.00000000 1.00000000
           1.00000000 1.00000000 1.00000000 1.00000000 1.00000000
           1.00000000 1.00000000 1.00000000 1.00000000 1.00000000
           1.00000000 1.00000000 1.00000000 1.00000000 1.00000000
           1.00000000 1.00000000 1.00000000 1.00000000 1.00000000
           1.00000000 1.00000000 1.00000000 1.00000000 1.00000000
           1.00000000 1.00000000 1.00000000 1.00000000 1.00000000
           1.00000000 1.00000000 1.00000000 1.00000000 1.00000000
           1.00000000 1.00000000 1.00000000 1.00000000 1.00000000
           1.00000000 1.00000000 1.00000000 1.00000000 1.00000000
           1.00000000 1.00000000 1.00000000 1.00000000 1.00000000
           1.00000000 1.00000000 1.00000000 1.00000000 1.00000000
           1.00000000 1.00000000 1.00000000 1.00000000 1.00000000
           1.00000000 1.00000000 1.00000000 1.00000000 1.00000000
           1.00000000 1.00000000 1.00000000 1.00000000 1.00000000
           1.00000000 1.00000000 1.00000000 1.00000000 1.00000000
           1.00000000 1.00000000 1.00000000 1.00000000 1.00000000
           1.00000000 1.00000000 1.00000000 1.00000000 1.00000000
           1.00000000 1.00000000 1.00000000 1.00000000 1.00000000
           1.00000000 1.00000000 1.00000000 1.00000000 1.00000000
           1.00000000 1.00000000 1.00000000 1.00000000 1.00000000
           1.00000000 1.00000000 1.00000000 1.00000000 1.00000000
           1.00000000 1.00000000 1.00000000 1.00000000 1.00000000
           1.00000000 1.00000000 1.00000000 1.00000000 1.00000000
           1.00000000 1.00000000 1.00000000 1.00000000 1.00000000
           1.00000000 1.00000000 1.00000000 1.00000000 1.00000000
           1.00000000 1.00000000 1.00000000 1.00000000 1.00000000
           1.00000000 1.00000000 1.00000000 1.00000000 1.00000000
           1.00000000 1.00000000 1.00000000 1.00000000 1.00000000
           1.00000000 1.00000000 1.00000000 1.00000000 1.00000000
