           0.01615645 0.03178879 0.04689702 0.06148114 0.07554115
           0.08907706 0.10208885 0.11457652 0.12654009 0.13797955
           0.14889489 0.15928613 0.16915324 0.17830786 0.18697378
           0.19516024 0.20282468 0.20988917 0.21662863 0.22310254
           0.22916095 0.23505764 0.24064173 0.24586783 0.25083610
           0.25562313 0.26009116 0.26431313 0.26837987 0.27238029
           0.27624100 0.27996343 0.28352904 0.28703982 0.29039997
           0.29365075 0.29685798 0.30001673 0.30310613 0.30616271
           0.30921677 0.31227669 0.31527865 0.31832612 0.32131040
           0.32433861 0.32735285 0.33035007 0.33343220 0.33647197
           0.33960202 0.34274483 0.34589681 0.34902307 0.35219961
           0.35543865 0.35863575 0.36187813 0.36512998 0.36837876
           0.37165117 0.37495384 0.37832153 0.38170093 0.38517538
           0.38864946 0.39217660 0.39577368 0.39935133 0.40302503
           0.40673628 0.41053516 0.41432825 0.41817567 0.42206636
           0.42601180 0.43000558 0.43404880 0.43811274 0.44223523
           0.44636330 0.45057786 0.45483077 0.45912558 0.46343693
           0.46781221 0.47225428 0.47662652 0.48117799 0.48564315
           0.49028876 0.49477810 0.49950188 0.50419086 0.50886625
           0.51357114 0.51832753 0.52313679 0.52790552 0.53279322
           0.53769392 0.54259855 0.54745883 0.55239403 0.55727148
           0.56222630 0.56717706 0.57229769 0.57726449 0.58230519
           0.58731771 0.59235728 0.59743297 0.60261470 0.60777700
           0.61289054 0.61800879 0.62310290 0.62819386 0.63340670
           0.63862538 0.64382660 0.64888376 0.65398985 0.65909761
           0.66416776 0.66928899 0.67436051 0.67936116 0.68431544
           0.68922788 0.69427502 0.69913250 0.70407307 0.70893246
           0.71373481 0.71854055 0.72325677 0.72804368 0.73270077
           0.73736155 0.74190682 0.74648684 0.75098854 0.75552732
           0.75998598 0.76437217 0.76874536 0.77297884 0.77720952
           0.78141838 0.78561801 0.78973150 0.79382247 0.79775476
           0.80166233 0.80553889 0.80942249 0.81324345 0.81705904
           0.82071435 0.82432795 0.82787293 0.83138639 0.83485138
           0.83834100 0.84175885 0.84502113 0.84821361 0.85136437
           0.85444748 0.85754573 0.86058843 0.86356539 0.86642194
           0.86923820 0.87199843 0.87472689 0.87747455 0.88011122
           0.88270944 0.88523209 0.88768524 0.89010268 0.89247465
           0.89481217 0.89708334 0.89928037 0.90143842 0.90355480
           0.90562671 0.90768182 0.90965915 0.91158754 0.91347474
           0.91530013 0.91710120 0.91887170 0.92059606 0.92227095
           0.92389339 0.92548043 0.92703211 0.92856628 0.93004006
           0.93148738 0.93290019 0.93425286 0.93559134 0.93688697
           0.93815279 0.93938142 0.94057006 0.94175422 0.94288319
           0.94400668 0.94507438 0.94611162 0.94713217 0.94812608
           0.94910604 0.95004743 0.95096910 0.95186669 0.95271474
           0.95355356 0.95437920 0.95518601 0.95596772 0.95672315
           0.95746511 0.95816886 0.95887047 0.95955139 0.96020514
           0.96084601 0.96147227 0.96206689 0.96263677 0.96320945
           0.96376896 0.96431226 0.96482968 0.96534061 0.96583736
           0.96632016 0.96679783 0.96725959 0.96771312 0.96815288
           0.96858388 0.96900082 0.96940529 0.96980554 0.97018284
           0.97055358 0.97090977 0.97126508 0.97161311 0.97195476
           0.97227824 0.97259420 0.97290695 0.97321105 0.97350574
           0.97378904 0.97406483 0.97433501 0.97460282 0.97486246
           0.97511280 0.97536063 0.97560132 0.97583675 0.97606725
           0.97629005 0.97650826 0.97672367 0.97693944 0.97714466
           0.97735405 0.97754943 0.97774518 0.97793055 0.97811586
           0.97829306 0.97846729 0.97864401 0.97880226 0.97896671
           0.97912633 0.97928590 0.97943878 0.97959423 0.97974008
           0.97988600 0.98003483 0.98017633 0.98031503 0.98045230
           0.98058611 0.98071408 0.98084801 0.98097479 0.98109692
           0.98121887 0.98133695 0.98145908 0.98157805 0.98169458
           0.98180711 0.98192120 0.98203319 0.98214310 0.98224872
           0.98235404 0.98245740 0.98255861 0.98266190 0.98276430
           0.98286265 0.98295963 0.98305482 0.98315161 0.98324496
           0.98333794 0.98343152 0.98352098 0.98360956 0.98369652
           0.98378807 0.98387480 0.98396790 0.98405272 0.98413813
           0.98421651 0.98429877 0.98437661 0.98445475 0.98453563
           0.98461479 0.98468983 0.98476750 0.98484445 0.98492253
           0.98499751 0.98507434 0.98514658 0.98521882 0.98528868
           0.98535705 0.98542780 0.98549539 0.98556489 0.98563164
           0.98570067 0.98576760 0.98583257 0.98589927 0.98596108
           0.98602390 0.98608667 0.98615086 0.98621327 0.98627704
           0.98633885 0.98640275 0.98646271 0.98652279 0.98658389
           0.98664314 0.98670119 0.98675871 0.98681653 0.98687500
           0.98693192 0.98698974 0.98704594 0.98710090 0.98715633
           0.98721248 0.98726529 0.98731983 0.98737508 0.98743236
           0.98748261 0.98753744 0.98759031 0.98764426 0.98769724
           0.98774821 0.98779911 0.98784870 0.98789942 0.98794824
           0.98799872 0.98804814 0.98809791 0.98814750 0.98819596
           0.98824459 0.98829395 0.98833966 0.98838753 0.98843312
           0.98848283 0.98852456 0.98857087 0.98861772 0.98866421
           0.98870921 0.98875588 0.98880172 0.98884863 0.98889369
           0.98893744 0.98898125 0.98902315 0.98906654 0.98911047
           0.98915195 0.98919302 0.98923528 0.98928016 0.98931909
           0.98936206 0.98940527 0.98944658 0.98948854 0.98952872
           0.98956841 0.98960745 0.98964834 0.98968911 0.98972940
           0.98976690 0.98980296 0.98984230 0.98988277 0.98992413
           0.98996443 0.99000412 0.99004209 0.99008018 0.99012023
           0.99015903 0.99019432 0.99023157 0.99026734 0.99030644
           0.99034381 0.99037921 0.99041545 0.99045217 0.99048769
           0.99052179 0.99055862 0.99059361 0.99063033 0.99066740
           0.99070257 0.99073684 0.99077135 0.99080426 0.99083656
           0.99086940 0.99090391 0.99093664 0.99096954 0.99100262
           0.99103510 0.99107003 0.99110502 0.99113852 0.99117178
           0.99120593 0.99124032 0.99127239 0.99130750 0.99134225
           0.99137318 0.99140477 0.99143505 0.99146616 0.99149829
           0.99152845 0.99155796 0.99158770 0.99161577 0.99164611
           0.99167693 0.99171156 0.99174118 0.99177206 0.99180281
           0.99183291 0.99186420 0.99189413 0.99192369 0.99195409
           0.99198520 0.99201369 0.99204201 0.99207062 0.99209970
           0.99212909 0.99215710 0.99218535 0.99221343 0.99223936
           0.99226815 0.99229521 0.99232215 0.99234968 0.99237812
           0.99240565 0.99243134 0.99245781 0.99248463 0.99251175
           0.99254107 0.99256665 0.99259472 0.99262130 0.99264842
           0.99267495 0.99270129 0.99272799 0.99275476 0.99278075
           0.99280608 0.99283141 0.99285847 0.99288493 0.99291128
           0.99293852 0.99296331 0.99298918 0.99301279 0.99303728
           0.99306267 0.99308747 0.99311179 0.99313825 0.99316466
           0.99318796 0.99321306 0.99323726 0.99326080 0.99328572
           0.99331087 0.99333537 0.99336118 0.99338508 0.99340951
           0.99343425 0.99345821 0.99348146 0.99350423 0.99352765
           0.99355131 0.99357331 0.99359679 0.99361819 0.99364191
           0.99366409 0.99368507 0.99370563 0.99373037 0.99375272
           0.99377483 0.99379879 0.99382263 0.99384344 0.99386567
           0.99388576 0.99390668 0.99392653 0.99394715 0.99396890
           0.99399114 0.99401349 0.99403644 0.99405718 0.99407631
           0.99409705 0.99412006 0.99414110 0.99416131 0.99418265
           0.99420339 0.99422461 0.99424577 0.99426794 0.99428666
           0.99430674 0.99432671 0.99434584 0.99436682 0.99438703
           0.99440676 0.99442708 0.99444628 0.99446487 0.99448460
           0.99450308 0.99452168 0.99454159 0.99456173 0.99458212
           0.99460065 0.99462003 0.99463719 0.99465573 0.99467516
           0.99469328 0.99471164 0.99472940 0.99474710 0.99476635
           0.99478507 0.99480444 0.99482244 0.99484092 0.99486089
           0.99487883 0.99489677 0.99491590 0.99493313 0.99495023
           0.99496770 0.99498647 0.99500394 0.99502158 0.99504054
           0.99505889 0.99507576 0.99509299 0.99511033 0.99512625
           0.99514306 0.99516076 0.99517798 0.99519539 0.99521214
           0.99522918 0.99524605 0.99526274 0.99528086 0.99529743
           0.99531448 0.99533099 0.99534875 0.99536467 0.99538183
           0.99539864 0.99541622 0.99543160 0.99544829 0.99546444
           0.99547964 0.99549669 0.99551260 0.99552763 0.99554455
           0.99555892 0.99557567 0.99559098 0.99560678 0.99562275
           0.99563789 0.99565327 0.99566823 0.99568278 0.99569857
           0.99571490 0.99572849 0.99574244 0.99575716 0.99577135
           0.99578649 0.99580133 0.99581534 0.99582940 0.99584317
           0.99585700 0.99587297 0.99588776 0.99590230 0.99591762
           0.99593079 0.99594480 0.99595916 0.99597234 0.99598676
           0.99600101 0.99601400 0.99602914 0.99604356 0.99605906
           0.99607313 0.99608791 0.99610138 0.99611586 0.99613112
           0.99614507 0.99615866 0.99617362 0.99618828 0.99620122
           0.99621403 0.99622798 0.99624252 0.99625570 0.99626964
           0.99628288 0.99629575 0.99630910 0.99632275 0.99633610
           0.99634862 0.99636036 0.99637502 0.99638832 0.99640071
           0.99641353 0.99642712 0.99644047 0.99645197 0.99646604
           0.99647951 0.99649137 0.99650246 0.99651289 0.99652618
           0.99653941 0.99655235 0.99656534 0.99657738 0.99658990
           0.99660301 0.99661529 0.99662894 0.99664122 0.99665171
           0.99666399 0.99667531 0.99668729 0.99669725 0.99670845
           0.99672204 0.99673355 0.99674529 0.99675685 0.99676883
           0.99678004 0.99679297 0.99680406 0.99681640 0.99682719
           0.99683672 0.99684912 0.99686086 0.99687225 0.99688184
           0.99689299 0.99690318 0.99691457 0.99692506 0.99693626
           0.99694705 0.99695927 0.99696982 0.99698180 0.99699330
           0.99700499 0.99701726 0.99702686 0.99703801 0.99704945
           0.99706000 0.99707103 0.99708229 0.99709380 0.99710453
           0.99711609 0.99712592 0.99713629 0.99714762 0.99715793
           0.99716902 0.99717969 0.99718904 0.99719948 0.99720943
           0.99722064 0.99723035 0.99723995 0.99725002 0.99726069
           0.99727106 0.99728143 0.99729049 0.99730027 0.99731064
           0.99732035 0.99733055 0.99734002 0.99735010 0.99735957
           0.99736923 0.99737906 0.99738884 0.99739760 0.99740863
           0.99741822 0.99742770 0.99743748 0.99744713 0.99745655
           0.99746686 0.99747759 0.99748784 0.99749720 0.99750543
           0.99751449 0.99752355 0.99753237 0.99754125 0.99755126
           0.99756044 0.99756956 0.99757838 0.99758756 0.99759740
           0.99760652 0.99761456 0.99762344 0.99763173 0.99764091
           0.99764991 0.99765909 0.99766767 0.99767762 0.99768609
           0.99769378 0.99770147 0.99771065 0.99771923 0.99772865
           0.99773610 0.99774516 0.99775434 0.99776238 0.99777156
           0.99778014 0.99778956 0.99779707 0.99780589 0.99781448
           0.99782366 0.99783158 0.99783963 0.99784720 0.99785501
           0.99786240 0.99787086 0.99787885 0.99788648 0.99789405
           0.99790287 0.99791157 0.99791878 0.99792582 0.99793285
           0.99794012 0.99794799 0.99795556 0.99796331 0.99797052
           0.99797904 0.99798667 0.99799502 0.99800402 0.99801147
           0.99802035 0.99802631 0.99803370 0.99804187 0.99804997
           0.99805689 0.99806422 0.99807084 0.99807763 0.99808389
           0.99809217 0.99809867 0.99810737 0.99811435 0.99812073
           0.99812752 0.99813396 0.99814010 0.99814731 0.99815345
           0.99816149 0.99816942 0.99817657 0.99818319 0.99819040
           0.99819821 0.99820495 0.99821091 0.99821717 0.99822432
           0.99823070 0.99823725 0.99824387 0.99824947 0.99825650
           0.99826401 0.99827015 0.99827653 0.99828303 0.99829012
           0.99829620 0.99830210 0.99830729 0.99831456 0.99832112
           0.99832731 0.99833381 0.99834049 0.99834645 0.99835235
           0.99835926 0.99836612 0.99837339 0.99838078 0.99838614
           0.99839216 0.99839985 0.99840713 0.99841332 0.99842048
           0.99842626 0.99843144 0.99843746 0.99844325 0.99844998
           0.99845600 0.99846137 0.99846768 0.99847311 0.99847794
           0.99848336 0.99848956 0.99849689 0.99850214 0.99850786
           0.99851370 0.99851924 0.99852520 0.99853098 0.99853641
           0.99854261 0.99854738 0.99855441 0.99856013 0.99856555
           0.99857092 0.99857628 0.99858171 0.99858707 0.99859250
           0.99859661 0.99860197 0.99860698 0.99861240 0.99861878
           0.99862415 0.99863023 0.99863553 0.99864089 0.99864590
           0.99865055 0.99865448 0.99865973 0.99866551 0.99867004
           0.99867463 0.99867928 0.99868441 0.99868917 0.99869466
           0.99870098 0.99870676 0.99871141 0.99871600 0.99872053
           0.99872577 0.99873108 0.99873650 0.99874175 0.99874616
           0.99875110 0.99875551 0.99876022 0.99876529 0.99877065
           0.99877620 0.99878138 0.99878681 0.99879122 0.99879682
           0.99880099 0.99880654 0.99881119 0.99881637 0.99882168
           0.99882597 0.99883193 0.99883854 0.99884391 0.99884748
           0.99885225 0.99885720 0.99886227 0.99886721 0.99887145
           0.99887621 0.99888039 0.99888515 0.99888998 0.99889421
           0.99889797 0.99890256 0.99890667 0.99891138 0.99891567
           0.99892026 0.99892414 0.99892884 0.99893332 0.99893641
           0.99894089 0.99894547 0.99894917 0.99895316 0.99895716
           0.99896145 0.99896646 0.99897063 0.99897492 0.99897802
           0.99898177 0.99898589 0.99899012 0.99899340 0.99899656
           0.99900097 0.99900544 0.99900967 0.99901330 0.99901730
           0.99902153 0.99902600 0.99902940 0.99903357 0.99903786
           0.99904186 0.99904597 0.99904960 0.99905264 0.99905634
           0.99905992 0.99906397 0.99906754 0.99907219 0.99907631
           0.99907970 0.99908412 0.99908715 0.99909145 0.99909496
           0.99909973 0.99910271 0.99910688 0.99911082 0.99911451
           0.99911827 0.99912119 0.99912488 0.99912924 0.99913383
           0.99913806 0.99914134 0.99914593 0.99914956 0.99915373
           0.99915749 0.99916041 0.99916369 0.99916756 0.99917078
           0.99917418 0.99917775 0.99918169 0.99918503 0.99918854
           0.99919230 0.99919611 0.99919939 0.99920207 0.99920529
           0.99920785 0.99920988 0.99921340 0.99921602 0.99921942
           0.99922323 0.99922663 0.99923033 0.99923301 0.99923611
           0.99923873 0.99924237 0.99924433 0.99924815 0.99925148
           0.99925369 0.99925649 0.99926007 0.99926257 0.99926585
           0.99926835 0.99927133 0.99927425 0.99927723 0.99928021
           0.99928343 0.99928707 0.99929047 0.99929357 0.99929702
           0.99930036 0.99930388 0.99930674 0.99930966 0.99931240
           0.99931562 0.99931824 0.99932140 0.99932414 0.99932641
           0.99932957 0.99933136 0.99933434 0.99933714 0.99933994
           0.99934316 0.99934572 0.99934793 0.99935168 0.99935389
           0.99935633 0.99935842 0.99936110 0.99936342 0.99936581
           0.99936825 0.99937099 0.99937361 0.99937618 0.99937928
           0.99938101 0.99938309 0.99938637 0.99938917 0.99939227
           0.99939477 0.99939704 0.99939942 0.99940181 0.99940437
           0.99940652 0.99940830 0.99941075 0.99941319 0.99941593
           0.99941880 0.99942136 0.99942440 0.99942696 0.99942911
           0.99943173 0.99943358 0.99943632 0.99943906 0.99944246
           0.99944526 0.99944723 0.99944943 0.99945170 0.99945408
           0.99945641 0.99945885 0.99946100 0.99946368 0.99946624
           0.99946827 0.99947065 0.99947304 0.99947482 0.99947757
           0.99948019 0.99948204 0.99948400 0.99948657 0.99948817
           0.99949014 0.99949235 0.99949431 0.99949658 0.99949861
           0.99950057 0.99950230 0.99950451 0.99950689 0.99950898
           0.99951047 0.99951220 0.99951452 0.99951667 0.99951887
           0.99952066 0.99952257 0.99952406 0.99952555 0.99952787
           0.99953055 0.99953169 0.99953324 0.99953550 0.99953789
           0.99954009 0.99954188 0.99954265 0.99954420 0.99954551
           0.99954766 0.99954951 0.99955106 0.99955261 0.99955481
           0.99955666 0.99955803 0.99956006 0.99956197 0.99956387
           0.99956626 0.99956924 0.99957073 0.99957293 0.99957496
           0.99957681 0.99957842 0.99957997 0.99958158 0.99958336
           0.99958462 0.99958682 0.99958837 0.99959010 0.99959177
           0.99959409 0.99959630 0.99959755 0.99959940 0.99960136
           0.99960297 0.99960494 0.99960673 0.99960846 0.99961030
           0.99961233 0.99961412 0.99961627 0.99961782 0.99961925
           0.99962014 0.99962181 0.99962294 0.99962467 0.99962568
           0.99962705 0.99962825 0.99962968 0.99963129 0.99963289
           0.99963427 0.99963546 0.99963725 0.99963909 0.99964017
           0.99964219 0.99964386 0.99964535 0.99964678 0.99964839
           0.99964941 0.99965125 0.99965280 0.99965477 0.99965578
           0.99965703 0.99965894 0.99966037 0.99966180 0.99966294
           0.99966460 0.99966604 0.99966675 0.99966836 0.99966991
           0.99967110 0.99967277 0.99967390 0.99967510 0.99967617
           0.99967754 0.99967873 0.99968010 0.99968135 0.99968266
           0.99968380 0.99968511 0.99968636 0.99968755 0.99968892
           0.99969047 0.99969113 0.99969232 0.99969357 0.99969494
           0.99969643 0.99969751 0.99969912 0.99970043 0.99970168
           0.99970305 0.99970388 0.99970561 0.99970722 0.99970853
           0.99970990 0.99971086 0.99971229 0.99971312 0.99971420
           0.99971485 0.99971628 0.99971789 0.99971920 0.99972081
           0.99972159 0.99972302 0.99972367 0.99972546 0.99972641
           0.99972743 0.99972838 0.99972957 0.99973041 0.99973148
           0.99973297 0.99973398 0.99973488 0.99973619 0.99973720
           0.99973863 0.99973994 0.99974138 0.99974233 0.99974394
           0.99974519 0.99974638 0.99974716 0.99974799 0.99974918
           0.99975044 0.99975079 0.99975163 0.99975300 0.99975431
           0.99975520 0.99975622 0.99975723 0.99975842 0.99975950
           0.99976093 0.99976182 0.99976271 0.99976361 0.99976379
           0.99976456 0.99976534 0.99976575 0.99976659 0.99976718
           0.99976850 0.99976927 0.99977010 0.99977094 0.99977231
           0.99977338 0.99977410 0.99977505 0.99977547 0.99977589
           0.99977666 0.99977726 0.99977845 0.99977916 0.99978012
           0.99978018 0.99978077 0.99978113 0.99978125 0.99978250
           0.99978346 0.99978423 0.99978465 0.99978536 0.99978566
           0.99978632 0.99978703 0.99978811 0.99978870 0.99978983
           0.99979103 0.99979210 0.99979252 0.99979311 0.99979389
           0.99979502 0.99979609 0.99979705 0.99979722 0.99979806
           0.99979913 0.99979949 0.99980026 0.99980152 0.99980271
           0.99980342 0.99980384 0.99980420 0.99980491 0.99980611
           0.99980628 0.99980706 0.99980831 0.99980891 0.99980980
           0.99981070 0.99981099 0.99981201 0.99981284 0.99981284
           0.99981385 0.99981427 0.99981481 0.99981558 0.99981588
           0.99981666 0.99981725 0.99981797 0.99981856 0.99981922
           0.99982023 0.99982077 0.99982107 0.99982184 0.99982244
           0.99982303 0.99982417 0.99982518 0.99982560 0.99982613
           0.99982655 0.99982721 0.99982780 0.99982846 0.99982953
           0.99983025 0.99983072 0.99983156 0.99983174 0.99983197
           0.99983257 0.99983281 0.99983335 0.99983376 0.99983442
           0.99983513 0.99983555 0.99983579 0.99983680 0.99983752
           0.99983841 0.99983937 0.99983972 0.99984020 0.99984097
           0.99984157 0.99984211 0.99984276 0.99984276 0.99984318
           0.99984378 0.99984419 0.99984473 0.99984533 0.99984574
           0.99984610 0.99984682 0.99984729 0.99984777 0.99984801
           0.99984831 0.99984878 0.99984932 0.99984980 0.99985021
           0.99985069 0.99985135 0.99985176 0.99985254 0.99985319
           0.99985331 0.99985379 0.99985415 0.99985451 0.99985498
           0.99985528 0.99985576 0.99985617 0.99985671 0.99985707
           0.99985766 0.99985826 0.99985909 0.99985957 0.99986011
           0.99986094 0.99986130 0.99986172 0.99986213 0.99986291
           0.99986410 0.99986410 0.99986470 0.99986517 0.99986589
           0.99986631 0.99986655 0.99986672 0.99986756 0.99986815
           0.99986893 0.99986970 0.99987012 0.99987012 0.99987066
           0.99987072 0.99987096 0.99987108 0.99987167 0.99987203
           0.99987268 0.99987292 0.99987376 0.99987447 0.99987495
           0.99987566 0.99987584 0.99987590 0.99987608 0.99987662
           0.99987686 0.99987704 0.99987721 0.99987727 0.99987811
           0.99987894 0.99987930 0.99987930 0.99987966 0.99988014
           0.99988043 0.99988091 0.99988151 0.99988228 0.99988234
           0.99988264 0.99988294 0.99988371 0.99988431 0.99988467
           0.99988508 0.99988532 0.99988568 0.99988621 0.99988645
           0.99988705 0.99988705 0.99988770 0.99988788 0.99988842
           0.99988866 0.99988884 0.99988884 0.99988949 0.99989003
           0.99989027 0.99989051 0.99989104 0.99989140 0.99989146
           0.99989164 0.99989212 0.99989289 0.99989307 0.99989367
           0.99989378 0.99989378 0.99989408 0.99989480 0.99989510
           0.99989545 0.99989563 0.99989581 0.99989605 0.99989641
           0.99989671 0.99989700 0.99989748 0.99989778 0.99989837
           0.99989843 0.99989879 0.99989921 0.99989986 0.99990022
           0.99990040 0.99990088 0.99990118 0.99990118 0.99990129
           0.99990147 0.99990183 0.99990225 0.99990267 0.99990344
           0.99990344 0.99990362 0.99990386 0.99990427 0.99990445
           0.99990481 0.99990499 0.99990547 0.99990577 0.99990588
           0.99990624 0.99990684 0.99990696 0.99990696 0.99990702
           0.99990767 0.99990797 0.99990827 0.99990839 0.99990845
           0.99990875 0.99990922 0.99990946 0.99990982 0.99991006
           0.99991006 0.99991018 0.99991041 0.99991041 0.99991047
           0.99991083 0.99991095 0.99991119 0.99991143 0.99991143
           0.99991179 0.99991220 0.99991262 0.99991280 0.99991280
           0.99991280 0.99991280 0.99991286 0.99991286 0.99991333
           0.99991393 0.99991417 0.99991435 0.99991441 0.99991447
           0.99991447 0.99991482 0.99991494 0.99991542 0.99991542
           0.99991542 0.99991560 0.99991584 0.99991620 0.99991637
           0.99991685 0.99991703 0.99991721 0.99991739 0.99991798
           0.99991822 0.99991840 0.99991858 0.99991876 0.99991918
           0.99991924 0.99991959 0.99991995 0.99992013 0.99992013
           0.99992013 0.99992019 0.99992073 0.99992079 0.99992079
           0.99992114 0.99992132 0.99992138 0.99992174 0.99992174
           0.99992192 0.99992204 0.99992216 0.99992239 0.99992239
           0.99992251 0.99992293 0.99992293 0.99992317 0.99992323
           0.99992335 0.99992383 0.99992383 0.99992412 0.99992424
           0.99992442 0.99992472 0.99992472 0.99992472 0.99992472
           0.99992472 0.99992484 0.99992484 0.99992496 0.99992502
           0.99992537 0.99992543 0.99992561 0.99992615 0.99992633
           0.99992633 0.99992657 0.99992663 0.99992698 0.99992710
           0.99992734 0.99992740 0.99992776 0.99992776 0.99992812
           0.99992812 0.99992812 0.99992841 0.99992841 0.99992859
           0.99992877 0.99992901 0.99992913 0.99992913 0.99992973
           0.99992996 0.99993002 0.99993002 0.99993038 0.99993074
           0.99993080 0.99993098 0.99993098 0.99993122 0.99993140
           0.99993151 0.99993151 0.99993157 0.99993169 0.99993199
           0.99993235 0.99993259 0.99993271 0.99993271 0.99993271
           0.99993271 0.99993300 0.99993300 0.99993300 0.99993300
           0.99993312 0.99993330 0.99993354 0.99993378 0.99993396
           0.99993414 0.99993438 0.99993449 0.99993461 0.99993461
           0.99993473 0.99993491 0.99993497 0.99993521 0.99993551
           0.99993557 0.99993557 0.99993581 0.99993598 0.99993628
           0.99993640 0.99993640 0.99993658 0.99993658 0.99993676
           0.99993694 0.99993694 0.99993730 0.99993730 0.99993759
           0.99993771 0.99993771 0.99993771 0.99993795 0.99993795
           0.99993831 0.99993837 0.99993837 0.99993849 0.99993879
           0.99993896 0.99993896 0.99993908 0.99993932 0.99993932
           0.99993932 0.99993932 0.99993938 0.99993938 0.99993956
           0.99993968 0.99993968 0.99993968 0.99993980 0.99993998
           0.99994034 0.99994034 0.99994051 0.99994057 0.99994087
           0.99994093 0.99994129 0.99994135 0.99994135 0.99994159
           0.99994189 0.99994212 0.99994230 0.99994230 0.99994236
           0.99994248 0.99994272 0.99994272 0.99994272 0.99994272
           0.99994296 0.99994296 0.99994314 0.99994332 0.99994332
           0.99994338 0.99994397 0.99994397 0.99994409 0.99994415
           0.99994439 0.99994469 0.99994469 0.99994487 0.99994487
           0.99994487 0.99994487 0.99994498 0.99994516 0.99994534
           0.99994570 0.99994588 0.99994588 0.99994606 0.99994636
           0.99994636 0.99994648 0.99994648 0.99994648 0.99994653
           0.99994665 0.99994665 0.99994665 0.99994689 0.99994713
           0.99994713 0.99994731 0.99994737 0.99994767 0.99994767
           0.99994814 0.99994814 0.99994838 0.99994838 0.99994868
           0.99994868 0.99994874 0.99994874 0.99994892 0.99994892
           0.99994916 0.99994916 0.99994934 0.99994934 0.99994934
           0.99994934 0.99994934 0.99994934 0.99994934 0.99994969
           0.99994969 0.99994975 0.99994993 0.99995011 0.99995017
           0.99995017 0.99995035 0.99995053 0.99995071 0.99995089
           0.99995089 0.99995124 0.99995130 0.99995166 0.99995172
           0.99995172 0.99995178 0.99995190 0.99995196 0.99995226
           0.99995238 0.99995250 0.99995250 0.99995250 0.99995250
           0.99995273 0.99995273 0.99995291 0.99995291 0.99995291
           0.99995315 0.99995315 0.99995315 0.99995333 0.99995333
           0.99995369 0.99995387 0.99995393 0.99995404 0.99995404
           0.99995404 0.99995428 0.99995428 0.99995428 0.99995434
           0.99995452 0.99995452 0.99995464 0.99995464 0.99995470
           0.99995488 0.99995494 0.99995506 0.99995506 0.99995506
           0.99995506 0.99995524 0.99995524 0.99995536 0.99995548
           0.99995565 0.99995565 0.99995565 0.99995589 0.99995607
           0.99995613 0.99995613 0.99995613 0.99995637 0.99995673
           0.99995685 0.99995685 0.99995685 0.99995685 0.99995685
           0.99995685 0.99995714 0.99995744 0.99995756 0.99995768
           0.99995768 0.99995768 0.99995768 0.99995786 0.99995804
           0.99995816 0.99995816 0.99995828 0.99995852 0.99995863
           0.99995869 0.99995869 0.99995869 0.99995875 0.99995893
           0.99995893 0.99995893 0.99995911 0.99995911 0.99995911
           0.99995911 0.99995911 0.99995923 0.99995935 0.99995947
           0.99995947 0.99995947 0.99995965 0.99995983 0.99995983
           0.99995995 0.99995995 0.99996012 0.99996012 0.99996042
           0.99996042 0.99996042 0.99996054 0.99996072 0.99996090
           0.99996096 0.99996096 0.99996096 0.99996108 0.99996126
           0.99996126 0.99996132 0.99996132 0.99996144 0.99996144
           0.99996144 0.99996156 0.99996156 0.99996167 0.99996173
           0.99996191 0.99996191 0.99996191 0.99996191 0.99996191
           0.99996203 0.99996203 0.99996227 0.99996233 0.99996233
           0.99996233 0.99996263 0.99996293 0.99996310 0.99996310
           0.99996328 0.99996328 0.99996328 0.99996346 0.99996364
           0.99996364 0.99996382 0.99996388 0.99996394 0.99996394
           0.99996412 0.99996430 0.99996430 0.99996430 0.99996430
           0.99996442 0.99996448 0.99996465 0.99996483 0.99996483
           0.99996483 0.99996489 0.99996489 0.99996489 0.99996501
           0.99996501 0.99996501 0.99996507 0.99996507 0.99996507
           0.99996507 0.99996513 0.99996525 0.99996525 0.99996531
           0.99996531 0.99996543 0.99996555 0.99996567 0.99996573
           0.99996573 0.99996591 0.99996603 0.99996603 0.99996608
           0.99996614 0.99996626 0.99996632 0.99996632 0.99996632
           0.99996644 0.99996644 0.99996650 0.99996650 0.99996650
           0.99996674 0.99996674 0.99996692 0.99996710 0.99996722
           0.99996722 0.99996722 0.99996722 0.99996722 0.99996734
           0.99996763 0.99996769 0.99996769 0.99996769 0.99996769
           0.99996787 0.99996805 0.99996805 0.99996805 0.99996805
           0.99996805 0.99996805 0.99996811 0.99996811 0.99996829
           0.99996829 0.99996847 0.99996865 0.99996865 0.99996865
           0.99996871 0.99996871 0.99996883 0.99996883 0.99996883
           0.99996889 0.99996901 0.99996912 0.99996912 0.99996912
           0.99996912 0.99996912 0.99996924 0.99996924 0.99996924
           0.99996924 0.99996930 0.99996942 0.99996948 0.99996948
           0.99996948 0.99996948 0.99996948 0.99996960 0.99996966
           0.99996966 0.99996966 0.99996966 0.99996972 0.99996972
           0.99996972 0.99996972 0.99996972 0.99996972 0.99996984
           0.99996984 0.99997002 0.99997014 0.99997014 0.99997026
           0.99997026 0.99997032 0.99997032 0.99997044 0.99997050
           0.99997067 0.99997073 0.99997073 0.99997085 0.99997085
           0.99997085 0.99997085 0.99997091 0.99997103 0.99997109
           0.99997109 0.99997109 0.99997109 0.99997121 0.99997121
           0.99997133 0.99997145 0.99997145 0.99997163 0.99997163
           0.99997163 0.99997169 0.99997169 0.99997181 0.99997181
           0.99997181 0.99997181 0.99997181 0.99997181 0.99997181
           0.99997181 0.99997181 0.99997181 0.99997181 0.99997193
           0.99997193 0.99997193 0.99997205 0.99997205 0.99997205
           0.99997211 0.99997222 0.99997222 0.99997228 0.99997240
           0.99997246 0.99997246 0.99997252 0.99997252 0.99997252
           0.99997264 0.99997264 0.99997270 0.99997270 0.99997282
           0.99997282 0.99997282 0.99997288 0.99997288 0.99997288
           0.99997300 0.99997306 0.99997306 0.99997306 0.99997306
           0.99997306 0.99997306 0.99997306 0.99997324 0.99997324
           0.99997324 0.99997324 0.99997324 0.99997330 0.99997330
           0.99997330 0.99997342 0.99997342 0.99997348 0.99997360
           0.99997365 0.99997371 0.99997371 0.99997389 0.99997389
           0.99997389 0.99997401 0.99997401 0.99997407 0.99997407
           0.99997425 0.99997431 0.99997443 0.99997443 0.99997449
           0.99997449 0.99997449 0.99997461 0.99997461 0.99997461
           0.99997461 0.99997461 0.99997461 0.99997461 0.99997467
           0.99997467 0.99997485 0.99997485 0.99997491 0.99997491
           0.99997503 0.99997509 0.99997526 0.99997526 0.99997526
           0.99997526 0.99997532 0.99997544 0.99997550 0.99997550
           0.99997568 0.99997568 0.99997568 0.99997586 0.99997586
           0.99997604 0.99997604 0.99997604 0.99997610 0.99997610
           0.99997622 0.99997628 0.99997628 0.99997646 0.99997652
           0.99997652 0.99997652 0.99997652 0.99997663 0.99997663
           0.99997663 0.99997663 0.99997663 0.99997669 0.99997669
           0.99997681 0.99997681 0.99997681 0.99997681 0.99997681
           0.99997681 0.99997681 0.99997681 0.99997681 0.99997687
           0.99997687 0.99997687 0.99997699 0.99997699 0.99997699
           0.99997705 0.99997705 0.99997705 0.99997705 0.99997711
           0.99997729 0.99997759 0.99997759 0.99997759 0.99997759
           0.99997771 0.99997771 0.99997783 0.99997783 0.99997783
           0.99997783 0.99997789 0.99997801 0.99997801 0.99997801
           0.99997801 0.99997818 0.99997824 0.99997824 0.99997824
           0.99997824 0.99997824 0.99997824 0.99997830 0.99997830
           0.99997830 0.99997830 0.99997830 0.99997830 0.99997848
           0.99997848 0.99997860 0.99997860 0.99997866 0.99997878
           0.99997884 0.99997884 0.99997884 0.99997884 0.99997884
           0.99997884 0.99997884 0.99997890 0.99997890 0.99997890
           0.99997890 0.99997890 0.99997890 0.99997902 0.99997908
           0.99997908 0.99997908 0.99997908 0.99997908 0.99997920
           0.99997920 0.99997920 0.99997920 0.99997932 0.99997932
           0.99997944 0.99997944 0.99997950 0.99997950 0.99997950
           0.99997962 0.99997962 0.99997962 0.99997962 0.99997962
           0.99997962 0.99997967 0.99997967 0.99997979 0.99997979
           0.99997979 0.99997979 0.99997979 0.99997979 0.99997985
           0.99997985 0.99997985 0.99997991 0.99998003 0.99998003
           0.99998003 0.99998003 0.99998021 0.99998021 0.99998021
           0.99998021 0.99998027 0.99998039 0.99998045 0.99998045
           0.99998063 0.99998063 0.99998081 0.99998081 0.99998081
           0.99998087 0.99998087 0.99998087 0.99998087 0.99998087
           0.99998099 0.99998099 0.99998099 0.99998099 0.99998099
           0.99998111 0.99998111 0.99998111 0.99998111 0.99998111
           0.99998111 0.99998111 0.99998122 0.99998128 0.99998128
           0.99998128 0.99998128 0.99998128 0.99998128 0.99998128
           0.99998146 0.99998146 0.99998146 0.99998146 0.99998158
           0.99998158 0.99998164 0.99998164 0.99998164 0.99998170
           0.99998182 0.99998182 0.99998182 0.99998182 0.99998182
           0.99998182 0.99998182 0.99998188 0.99998188 0.99998188
           0.99998188 0.99998188 0.99998200 0.99998200 0.99998218
           0.99998218 0.99998218 0.99998218 0.99998224 0.99998230
           0.99998230 0.99998230 0.99998230 0.99998230 0.99998230
           0.99998230 0.99998242 0.99998248 0.99998266 0.99998266
           0.99998266 0.99998266 0.99998266 0.99998277 0.99998277
           0.99998277 0.99998283 0.99998289 0.99998289 0.99998289
           0.99998301 0.99998301 0.99998307 0.99998307 0.99998319
           0.99998319 0.99998325 0.99998337 0.99998349 0.99998349
           0.99998349 0.99998349 0.99998349 0.99998349 0.99998361
           0.99998361 0.99998361 0.99998361 0.99998367 0.99998367
           0.99998367 0.99998367 0.99998367 0.99998367 0.99998367
           0.99998367 0.99998379 0.99998379 0.99998379 0.99998379
           0.99998379 0.99998385 0.99998385 0.99998385 0.99998385
           0.99998385 0.99998385 0.99998385 0.99998385 0.99998391
           0.99998403 0.99998403 0.99998403 0.99998403 0.99998403
           0.99998403 0.99998403 0.99998403 0.99998409 0.99998420
           0.99998420 0.99998420 0.99998426 0.99998426 0.99998426
           0.99998438 0.99998444 0.99998444 0.99998450 0.99998450
           0.99998450 0.99998462 0.99998468 0.99998468 0.99998468
           0.99998468 0.99998480 0.99998480 0.99998480 0.99998480
           0.99998480 0.99998480 0.99998486 0.99998486 0.99998486
           0.99998486 0.99998486 0.99998486 0.99998486 0.99998486
           0.99998486 0.99998486 0.99998486 0.99998486 0.99998486
           0.99998486 0.99998486 0.99998486 0.99998486 0.99998486
           0.99998498 0.99998498 0.99998498 0.99998504 0.99998510
           0.99998522 0.99998522 0.99998522 0.99998522 0.99998522
           0.99998522 0.99998522 0.99998522 0.99998522 0.99998528
           0.99998540 0.99998540 0.99998540 0.99998540 0.99998540
           0.99998540 0.99998540 0.99998540 0.99998540 0.99998546
           0.99998546 0.99998546 0.99998558 0.99998558 0.99998558
           0.99998558 0.99998558 0.99998558 0.99998558 0.99998558
           0.99998558 0.99998558 0.99998569 0.99998569 0.99998581
           0.99998581 0.99998587 0.99998599 0.99998599 0.99998599
           0.99998605 0.99998605 0.99998623 0.99998623 0.99998629
           0.99998629 0.99998629 0.99998629 0.99998629 0.99998629
           0.99998629 0.99998641 0.99998641 0.99998641 0.99998647
           0.99998647 0.99998647 0.99998647 0.99998659 0.99998659
           0.99998665 0.99998665 0.99998665 0.99998665 0.99998665
           0.99998665 0.99998665 0.99998665 0.99998665 0.99998665
           0.99998665 0.99998665 0.99998665 0.99998665 0.99998665
           0.99998677 0.99998677 0.99998677 0.99998677 0.99998683
           0.99998683 0.99998689 0.99998689 0.99998689 0.99998701
           0.99998701 0.99998701 0.99998701 0.99998707 0.99998707
           0.99998707 0.99998707 0.99998724 0.99998724 0.99998724
           0.99998736 0.99998736 0.99998736 0.99998736 0.99998736
           0.99998736 0.99998742 0.99998748 0.99998748 0.99998760
           0.99998760 0.99998760 0.99998766 0.99998766 0.99998766
           0.99998766 0.99998766 0.99998766 0.99998766 0.99998778
           0.99998778 0.99998778 0.99998778 0.99998778 0.99998784
           0.99998784 0.99998784 0.99998784 0.99998784 0.99998784
           0.99998784 0.99998784 0.99998784 0.99998796 0.99998802
           0.99998808 0.99998808 0.99998808 0.99998808 0.99998808
           0.99998808 0.99998808 0.99998808 0.99998808 0.99998808
           0.99998808 0.99998808 0.99998820 0.99998820 0.99998826
           0.99998826 0.99998826 0.99998826 0.99998838 0.99998838
           0.99998838 0.99998838 0.99998838 0.99998844 0.99998844
           0.99998844 0.99998844 0.99998844 0.99998844 0.99998844
           0.99998844 0.99998850 0.99998850 0.99998850 0.99998850
           0.99998850 0.99998862 0.99998862 0.99998862 0.99998862
           0.99998862 0.99998862 0.99998862 0.99998868 0.99998879
           0.99998879 0.99998879 0.99998879 0.99998879 0.99998879
           0.99998879 0.99998879 0.99998879 0.99998879 0.99998879
           0.99998879 0.99998879 0.99998879 0.99998885 0.99998885
           0.99998897 0.99998903 0.99998903 0.99998903 0.99998903
           0.99998903 0.99998909 0.99998909 0.99998909 0.99998909
           0.99998909 0.99998909 0.99998909 0.99998909 0.99998909
           0.99998921 0.99998921 0.99998921 0.99998927 0.99998927
           0.99998927 0.99998927 0.99998927 0.99998927 0.99998927
           0.99998927 0.99998927 0.99998939 0.99998939 0.99998945
           0.99998963 0.99998963 0.99998963 0.99998963 0.99998969
           0.99998969 0.99998981 0.99998981 0.99998987 0.99998987
           0.99998987 0.99998987 0.99998987 0.99998999 0.99998999
           0.99999005 0.99999005 0.99999017 0.99999017 0.99999017
           0.99999017 0.99999022 0.99999022 0.99999028 0.99999040
           0.99999040 0.99999040 0.99999046 0.99999046 0.99999046
           0.99999046 0.99999046 0.99999058 0.99999064 0.99999064
           0.99999064 0.99999064 0.99999064 0.99999064 0.99999064
           0.99999064 0.99999064 0.99999064 0.99999064 0.99999064
           0.99999076 0.99999082 0.99999082 0.99999082 0.99999082
           0.99999082 0.99999082 0.99999088 0.99999088 0.99999088
           0.99999088 0.99999100 0.99999100 0.99999100 0.99999100
           0.99999106 0.99999118 0.99999118 0.99999118 0.99999124
           0.99999136 0.99999136 0.99999136 0.99999136 0.99999136
           0.99999142 0.99999148 0.99999148 0.99999148 0.99999148
           0.99999148 0.99999148 0.99999148 0.99999148 0.99999148
           0.99999148 0.99999148 0.99999148 0.99999148 0.99999148
           0.99999148 0.99999148 0.99999148 0.99999160 0.99999160
           0.99999160 0.99999160 0.99999160 0.99999160 0.99999160
           0.99999160 0.99999160 0.99999160 0.99999160 0.99999160
           0.99999160 0.99999166 0.99999166 0.99999166 0.99999177
           0.99999177 0.99999177 0.99999177 0.99999177 0.99999177
           0.99999183 0.99999195 0.99999195 0.99999195 0.99999201
           0.99999201 0.99999201 0.99999201 0.99999201 0.99999201
           0.99999201 0.99999201 0.99999207 0.99999219 0.99999219
           0.99999219 0.99999219 0.99999219 0.99999219 0.99999219
           0.99999219 0.99999219 0.99999219 0.99999219 0.99999219
           0.99999219 0.99999219 0.99999219 0.99999219 0.99999225
           0.99999225 0.99999225 0.99999225 0.99999225 0.99999225
           0.99999225 0.99999225 0.99999225 0.99999225 0.99999237
           0.99999237 0.99999237 0.99999237 0.99999237 0.99999237
           0.99999237 0.99999237 0.99999237 0.99999237 0.99999237
           0.99999237 0.99999243 0.99999243 0.99999243 0.99999243
           0.99999243 0.99999243 0.99999255 0.99999255 0.99999255
           0.99999255 0.99999255 0.99999255 0.99999255 0.99999261
           0.99999267 0.99999267 0.99999267 0.99999267 0.99999267
           0.99999267 0.99999279 0.99999285 0.99999285 0.99999285
           0.99999285 0.99999285 0.99999285 0.99999285 0.99999285
           0.99999303 0.99999309 0.99999321 0.99999321 0.99999321
           0.99999326 0.99999326 0.99999338 0.99999344 0.99999344
           0.99999344 0.99999356 0.99999356 0.99999356 0.99999356
           0.99999356 0.99999362 0.99999368 0.99999368 0.99999368
           0.99999380 0.99999380 0.99999380 0.99999380 0.99999380
           0.99999380 0.99999380 0.99999380 0.99999380 0.99999380
           0.99999380 0.99999386 0.99999398 0.99999398 0.99999404
           0.99999404 0.99999404 0.99999404 0.99999416 0.99999416
           0.99999416 0.99999416 0.99999422 0.99999428 0.99999428
           0.99999428 0.99999428 0.99999428 0.99999428 0.99999440
           0.99999440 0.99999440 0.99999440 0.99999440 0.99999440
           0.99999440 0.99999440 0.99999440 0.99999440 0.99999440
           0.99999446 0.99999446 0.99999446 0.99999446 0.99999458
           0.99999458 0.99999464 0.99999464 0.99999464 0.99999464
           0.99999464 0.99999464 0.99999464 0.99999464 0.99999475
           0.99999475 0.99999475 0.99999475 0.99999475 0.99999475
           0.99999475 0.99999475 0.99999475 0.99999475 0.99999475
           0.99999475 0.99999475 0.99999475 0.99999475 0.99999475
           0.99999481 0.99999481 0.99999481 0.99999481 0.99999481
           0.99999481 0.99999481 0.99999481 0.99999481 0.99999481
           0.99999481 0.99999481 0.99999481 0.99999481 0.99999481
           0.99999487 0.99999487 0.99999487 0.99999487 0.99999487
           0.99999487 0.99999487 0.99999487 0.99999487 0.99999487
           0.99999487 0.99999487 0.99999487 0.99999487 0.99999487
           0.99999487 0.99999487 0.99999487 0.99999487 0.99999499
           0.99999499 0.99999499 0.99999499 0.99999505 0.99999505
           0.99999517 0.99999517 0.99999517 0.99999517 0.99999517
           0.99999517 0.99999517 0.99999523 0.99999523 0.99999523
           0.99999523 0.99999523 0.99999523 0.99999523 0.99999523
           0.99999523 0.99999523 0.99999523 0.99999535 0.99999541
           0.99999541 0.99999541 0.99999541 0.99999541 0.99999541
           0.99999541 0.99999541 0.99999541 0.99999541 0.99999541
           0.99999541 0.99999541 0.99999541 0.99999541 0.99999541
           0.99999541 0.99999541 0.99999541 0.99999541 0.99999541
           0.99999541 0.99999541 0.99999547 0.99999547 0.99999547
           0.99999547 0.99999547 0.99999547 0.99999547 0.99999547
           0.99999547 0.99999559 0.99999559 0.99999559 0.99999559
           0.99999559 0.99999559 0.99999559 0.99999559 0.99999559
           0.99999559 0.99999559 0.99999559 0.99999559 0.99999559
           0.99999559 0.99999559 0.99999565 0.99999565 0.99999565
           0.99999565 0.99999565 0.99999565 0.99999565 0.99999565
           0.99999565 0.99999565 0.99999565 0.99999565 0.99999565
           0.99999565 0.99999577 0.99999577 0.99999577 0.99999583
           0.99999583 0.99999583 0.99999583 0.99999583 0.99999583
           0.99999583 0.99999583 0.99999583 0.99999583 0.99999583
           0.99999583 0.99999583 0.99999583 0.99999583 0.99999595
           0.99999595 0.99999595 0.99999595 0.99999595 0.99999601
           0.99999601 0.99999607 0.99999607 0.99999607 0.99999607
           0.99999607 0.99999607 0.99999607 0.99999607 0.99999607
           0.99999607 0.99999607 0.99999619 0.99999624 0.99999624
           0.99999636 0.99999636 0.99999636 0.99999636 0.99999636
           0.99999636 0.99999636 0.99999636 0.99999642 0.99999642
           0.99999642 0.99999642 0.99999642 0.99999642 0.99999642
           0.99999642 0.99999642 0.99999642 0.99999642 0.99999642
           0.99999642 0.99999642 0.99999642 0.99999642 0.99999642
           0.99999642 0.99999642 0.99999642 0.99999642 0.99999642
           0.99999654 0.99999654 0.99999654 0.99999654 0.99999654
           0.99999654 0.99999654 0.99999660 0.99999660 0.99999660
           0.99999660 0.99999660 0.99999666 0.99999666 0.99999666
           0.99999666 0.99999666 0.99999666 0.99999666 0.99999666
           0.99999666 0.99999666 0.99999666 0.99999666 0.99999666
           0.99999678 0.99999678 0.99999678 0.99999678 0.99999678
           0.99999678 0.99999678 0.99999678 0.99999678 0.99999678
           0.99999678 0.99999678 0.99999684 0.99999684 0.99999684
           0.99999696 0.99999696 0.99999696 0.99999696 0.99999696
           0.99999696 0.99999696 0.99999696 0.99999696 0.99999696
           0.99999696 0.99999696 0.99999696 0.99999696 0.99999696
           0.99999696 0.99999696 0.99999696 0.99999696 0.99999696
           0.99999696 0.99999696 0.99999696 0.99999696 0.99999696
           0.99999696 0.99999696 0.99999696 0.99999696 0.99999696
           0.99999696 0.99999696 0.99999696 0.99999696 0.99999696
           0.99999702 0.99999702 0.99999702 0.99999702 0.99999702
           0.99999702 0.99999702 0.99999702 0.99999702 0.99999702
           0.99999702 0.99999702 0.99999702 0.99999714 0.99999714
           0.99999714 0.99999714 0.99999714 0.99999714 0.99999714
           0.99999714 0.99999714 0.99999714 0.99999714 0.99999714
           0.99999720 0.99999720 0.99999720 0.99999720 0.99999720
           0.99999720 0.99999720 0.99999720 0.99999720 0.99999720
           0.99999720 0.99999720 0.99999720 0.99999720 0.99999720
           0.99999726 0.99999726 0.99999738 0.99999738 0.99999738
           0.99999738 0.99999738 0.99999738 0.99999738 0.99999738
           0.99999744 0.99999744 0.99999744 0.99999744 0.99999744
           0.99999744 0.99999744 0.99999744 0.99999744 0.99999744
           0.99999744 0.99999744 0.99999744 0.99999744 0.99999744
           0.99999744 0.99999744 0.99999744 0.99999744 0.99999744
           0.99999744 0.99999756 0.99999756 0.99999756 0.99999756
           0.99999756 0.99999756 0.99999756 0.99999756 0.99999756
           0.99999756 0.99999756 0.99999756 0.99999756 0.99999756
           0.99999756 0.99999756 0.99999756 0.99999756 0.99999756
           0.99999756 0.99999756 0.99999756 0.99999756 0.99999756
           0.99999756 0.99999756 0.99999756 0.99999756 0.99999756
           0.99999756 0.99999756 0.99999756 0.99999756 0.99999756
           0.99999756 0.99999756 0.99999756 0.99999756 0.99999762
           0.99999762 0.99999762 0.99999762 0.99999768 0.99999768
           0.99999768 0.99999768 0.99999768 0.99999768 0.99999768
           0.99999768 0.99999768 0.99999768 0.99999768 0.99999768
           0.99999768 0.99999768 0.99999768 0.99999768 0.99999768
           0.99999768 0.99999768 0.99999768 0.99999768 0.99999768
           0.99999768 0.99999768 0.99999768 0.99999768 0.99999768
           0.99999768 0.99999768 0.99999768 0.99999768 0.99999768
           0.99999768 0.99999779 0.99999779 0.99999779 0.99999779
           0.99999779 0.99999779 0.99999779 0.99999785 0.99999785
           0.99999785 0.99999785 0.99999785 0.99999785 0.99999785
           0.99999785 0.99999785 0.99999785 0.99999785 0.99999785
           0.99999785 0.99999785 0.99999785 0.99999785 0.99999785
           0.99999785 0.99999785 0.99999785 0.99999797 0.99999797
           0.99999797 0.99999797 0.99999797 0.99999797 0.99999797
           0.99999797 0.99999797 0.99999797 0.99999797 0.99999797
           0.99999797 0.99999797 0.99999797 0.99999797 0.99999797
           0.99999797 0.99999797 0.99999797 0.99999797 0.99999797
           0.99999797 0.99999797 0.99999797 0.99999797 0.99999797
           0.99999797 0.99999797 0.99999797 0.99999797 0.99999797
           0.99999803 0.99999803 0.99999803 0.99999803 0.99999803
           0.99999803 0.99999803 0.99999803 0.99999803 0.99999803
           0.99999803 0.99999803 0.99999815 0.99999815 0.99999815
           0.99999815 0.99999815 0.99999815 0.99999815 0.99999815
           0.99999815 0.99999815 0.99999815 0.99999815 0.99999815
           0.99999815 0.99999815 0.99999815 0.99999821 0.99999821
           0.99999821 0.99999821 0.99999821 0.99999821 0.99999821
           0.99999821 0.99999821 0.99999821 0.99999821 0.99999821
           0.99999821 0.99999821 0.99999821 0.99999821 0.99999821
           0.99999821 0.99999821 0.99999821 0.99999827 0.99999827
           0.99999827 0.99999827 0.99999839 0.99999839 0.99999839
           0.99999845 0.99999845 0.99999845 0.99999845 0.99999845
           0.99999845 0.99999845 0.99999845 0.99999845 0.99999845
           0.99999845 0.99999845 0.99999845 0.99999845 0.99999845
           0.99999845 0.99999845 0.99999845 0.99999845 0.99999845
           0.99999845 0.99999845 0.99999845 0.99999845 0.99999845
           0.99999845 0.99999845 0.99999845 0.99999845 0.99999845
           0.99999857 0.99999857 0.99999857 0.99999857 0.99999857
           0.99999857 0.99999857 0.99999857 0.99999857 0.99999857
           0.99999857 0.99999857 0.99999857 0.99999857 0.99999857
           0.99999857 0.99999857 0.99999857 0.99999863 0.99999863
           0.99999863 0.99999863 0.99999863 0.99999863 0.99999863
           0.99999863 0.99999863 0.99999863 0.99999863 0.99999863
           0.99999863 0.99999863 0.99999863 0.99999875 0.99999875
           0.99999875 0.99999875 0.99999875 0.99999875 0.99999875
           0.99999875 0.99999875 0.99999875 0.99999875 0.99999875
           0.99999875 0.99999875 0.99999875 0.99999875 0.99999875
           0.99999875 0.99999875 0.99999875 0.99999881 0.99999881
           0.99999881 0.99999881 0.99999881 0.99999881 0.99999881
           0.99999881 0.99999881 0.99999881 0.99999881 0.99999881
           0.99999881 0.99999881 0.99999887 0.99999887 0.99999899
           0.99999899 0.99999899 0.99999899 0.99999899 0.99999899
           0.99999899 0.99999899 0.99999899 0.99999899 0.99999899
           0.99999899 0.99999899 0.99999899 0.99999899 0.99999899
           0.99999899 0.99999899 0.99999899 0.99999899 0.99999899
           0.99999899 0.99999899 0.99999899 0.99999899 0.99999899
           0.99999899 0.99999899 0.99999899 0.99999899 0.99999899
           0.99999899 0.99999899 0.99999899 0.99999899 0.99999899
           0.99999899 0.99999899 0.99999899 0.99999899 0.99999899
           0.99999899 0.99999899 0.99999899 0.99999899 0.99999899
           0.99999899 0.99999899 0.99999899 0.99999899 0.99999899
           0.99999899 0.99999899 0.99999899 0.99999899 0.99999899
           0.99999899 0.99999899 0.99999899 0.99999899 0.99999905
           0.99999905 0.99999905 0.99999905 0.99999905 0.99999905
           0.99999905 0.99999905 0.99999905 0.99999905 0.99999905
           0.99999905 0.99999905 0.99999905 0.99999905 0.99999905
           0.99999905 0.99999905 0.99999905 0.99999905 0.99999905
           0.99999905 0.99999905 0.99999905 0.99999905 0.99999905
           0.99999905 0.99999905 0.99999905 0.99999905 0.99999905
           0.99999905 0.99999905 0.99999905 0.99999905 0.99999905
           0.99999905 0.99999905 0.99999905 0.99999917 0.99999917
           0.99999917 0.99999917 0.99999917 0.99999917 0.99999917
           0.99999917 0.99999917 0.99999917 0.99999917 0.99999917
           0.99999917 0.99999917 0.99999917 0.99999917 0.99999917
           0.99999917 0.99999917 0.99999923 0.99999923 0.99999923
           0.99999923 0.99999923 0.99999923 0.99999923 0.99999923
           0.99999934 0.99999934 0.99999934 0.99999934 0.99999934
           0.99999934 0.99999934 0.99999934 0.99999934 0.99999934
           0.99999934 0.99999934 0.99999934 0.99999934 0.99999934
           0.99999934 0.99999934 0.99999934 0.99999934 0.99999934
           0.99999934 0.99999934 0.99999934 0.99999934 0.99999934
           0.99999934 0.99999934 0.99999940 0.99999940 0.99999940
           0.99999940 0.99999940 0.99999940 0.99999940 0.99999940
           0.99999940 0.99999940 0.99999940 0.99999940 0.99999940
           0.99999940 0.99999940 0.99999940 0.99999940 0.99999940
           0.99999940 0.99999940 0.99999940 0.99999940 0.99999940
           0.99999940 0.99999940 0.99999940 0.99999940 0.99999940
           0.99999940 0.99999940 0.99999940 0.99999940 0.99999940
           0.99999940 0.99999946 0.99999946 0.99999946 0.99999946
           0.99999946 0.99999946 0.99999946 0.99999946 0.99999946
           0.99999946 0.99999946 0.99999946 0.99999946 0.99999946
           0.99999946 0.99999946 0.99999946 0.99999946 0.99999946
           0.99999946 0.99999946 0.99999946 0.99999946 0.99999946
           0.99999946 0.99999946 0.99999946 0.99999946 0.99999946
           0.99999946 0.99999946 0.99999946 0.99999946 0.99999946
           0.99999946 0.99999946 0.99999946 0.99999946 0.99999946
           0.99999946 0.99999946 0.99999946 0.99999946 0.99999946
           0.99999946 0.99999946 0.99999946 0.99999946 0.99999946
           0.99999946 0.99999946 0.99999946 0.99999946 0.99999946
           0.99999946 0.99999946 0.99999946 0.99999946 0.99999946
           0.99999946 0.99999946 0.99999946 0.99999946 0.99999946
           0.99999946 0.99999946 0.99999946 0.99999946 0.99999946
           0.99999946 0.99999946 0.99999946 0.99999946 0.99999946
           0.99999946 0.99999946 0.99999946 0.99999946 0.99999946
           0.99999946 0.99999946 0.99999946 0.99999946 0.99999946
           0.99999946 0.99999946 0.99999946 0.99999946 0.99999946
           0.99999946 0.99999946 0.99999946 0.99999946 0.99999946
           0.99999946 0.99999946 0.99999946 0.99999946 0.99999946
           0.99999946 0.99999946 0.99999946 0.99999946 0.99999946
           0.99999946 0.99999946 0.99999946 0.99999946 0.99999946
           0.99999946 0.99999946 0.99999946 0.99999946 0.99999946
           0.99999946 0.99999946 0.99999946 0.99999946 0.99999946
           0.99999946 0.99999946 0.99999946 0.99999946 0.99999946
           0.99999946 0.99999946 0.99999946 0.99999946 0.99999946
           0.99999946 0.99999946 0.99999946 0.99999946 0.99999946
           0.99999946 0.99999946 0.99999946 0.99999946 0.99999946
           0.99999946 0.99999946 0.99999946 0.99999946 0.99999958
           0.99999958 0.99999958 0.99999958 0.99999958 0.99999958
           0.99999958 0.99999958 0.99999958 0.99999958 0.99999958
           0.99999958 0.99999958 0.99999958 0.99999958 0.99999958
           0.99999958 0.99999958 0.99999958 0.99999958 0.99999958
           0.99999958 0.99999958 0.99999958 0.99999958 0.99999958
           0.99999958 0.99999958 0.99999958 0.99999958 0.99999958
           0.99999958 0.99999958 0.99999958 0.99999958 0.99999958
           0.99999958 0.99999958 0.99999958 0.99999958 0.99999958
           0.99999958 0.99999958 0.99999964 0.99999964 0.99999964
           0.99999964 0.99999964 0.99999964 0.99999964 0.99999964
           0.99999964 0.99999964 0.99999964 0.99999964 0.99999964
           0.99999964 0.99999964 0.99999964 0.99999964 0.99999964
           0.99999964 0.99999964 0.99999964 0.99999964 0.99999964
           0.99999964 0.99999964 0.99999964 0.99999964 0.99999964
           0.99999964 0.99999964 0.99999964 0.99999964 0.99999964
           0.99999964 0.99999964 0.99999964 0.99999964 0.99999964
           0.99999964 0.99999964 0.99999964 0.99999964 0.99999964
           0.99999964 0.99999964 0.99999964 0.99999964 0.99999964
           0.99999964 0.99999964 0.99999964 0.99999964 0.99999964
           0.99999964 0.99999964 0.99999964 0.99999964 0.99999964
           0.99999964 0.99999964 0.99999964 0.99999964 0.99999964
           0.99999964 0.99999964 0.99999964 0.99999964 0.99999964
           0.99999964 0.99999964 0.99999964 0.99999964 0.99999964
           0.99999964 0.99999964 0.99999964 0.99999964 0.99999964
           0.99999964 0.99999964 0.99999964 0.99999964 0.99999964
           0.99999964 0.99999964 0.99999964 0.99999964 0.99999964
           0.99999964 0.99999964 0.99999964 0.99999964 0.99999964
           0.99999964 0.99999964 0.99999964 0.99999964 0.99999964
           0.99999964 0.99999964 0.99999964 0.99999964 0.99999964
           0.99999964 0.99999964 0.99999964 0.99999964 0.99999964
           0.99999964 0.99999964 0.99999964 0.99999964 0.99999964
           0.99999964 0.99999964 0.99999964 0.99999964 0.99999964
           0.99999964 0.99999964 0.99999964 0.99999964 0.99999964
           0.99999964 0.99999964 0.99999964 0.99999964 0.99999964
           0.99999964 0.99999964 0.99999964 0.99999964 0.99999964
           0.99999964 0.99999964 0.99999964 0.99999964 0.99999964
           0.99999964 0.99999964 0.99999964 0.99999964 0.99999964
           0.99999964 0.99999964 0.99999964 0.99999964 0.99999964
           0.99999964 0.99999964 0.99999964 0.99999964 0.99999964
           0.99999964 0.99999964 0.99999964 0.99999964 0.99999964
           0.99999964 0.99999964 0.99999964 0.99999964 0.99999964
           0.99999964 0.99999964 0.99999964 0.99999964 0.99999964
           0.99999964 0.99999964 0.99999964 0.99999964 0.99999964
           0.99999964 0.99999964 0.99999964 0.99999964 0.99999964
           0.99999964 0.99999964 0.99999964 0.99999964 0.99999964
           0.99999964 0.99999964 0.99999964 0.99999964 0.99999964
           0.99999964 0.99999964 0.99999964 0.99999964 0.99999964
           0.99999964 0.99999964 0.99999964 0.99999964 0.99999964
           0.99999964 0.99999964 0.99999964 0.99999964 0.99999964
           0.99999964 0.99999964 0.99999964 0.99999964 0.99999964
           0.99999964 0.99999964 0.99999964 0.99999964 0.99999964
           0.99999964 0.99999964 0.99999964 0.99999964 0.99999964
           0.99999964 0.99999964 0.99999964 0.99999964 0.99999964
           0.99999964 0.99999964 0.99999964 0.99999964 0.99999964
           0.99999964 0.99999964 0.99999964 0.99999964 0.99999964
           0.99999964 0.99999964 0.99999964 0.99999964 0.99999964
           0.99999964 0.99999964 0.99999964 0.99999964 0.99999964
           0.99999964 0.99999964 0.99999964 0.99999964 0.99999964
           0.99999964 0.99999964 0.99999964 0.99999964 0.99999964
           0.99999964 0.99999964 0.99999964 0.99999964 0.99999964
           0.99999964 0.99999964 0.99999964 0.99999964 0.99999964
           0.99999964 0.99999964 0.99999964 0.99999964 0.99999964
           0.99999964 0.99999964 0.99999964 0.99999964 0.99999964
           0.99999964 0.99999964 0.99999964 0.99999964 0.99999964
           0.99999964 0.99999964 0.99999964 0.99999964 0.99999964
           0.99999964 0.99999964 0.99999964 0.99999964 0.99999964
           0.99999964 0.99999964 0.99999964 0.99999964 0.99999964
           0.99999964 0.99999964 0.99999964 0.99999964 0.99999964
           0.99999964 0.99999964 0.99999964 0.99999964 0.99999964
           0.99999964 0.99999964 0.99999964 0.99999964 0.99999964
           0.99999964 0.99999964 0.99999964 0.99999964 0.99999964
           0.99999964 0.99999964 0.99999964 0.99999964 0.99999964
           0.99999964 0.99999964 0.99999964 0.99999964 0.99999964
           0.99999964 0.99999964 0.99999964 0.99999964 0.99999964
           0.99999964 0.99999964 0.99999964 0.99999964 0.99999964
           0.99999964 0.99999964 0.99999964 0.99999964 0.99999964
           0.99999964 0.99999964 0.99999964 0.99999964 0.99999964
           0.99999964 0.99999964 0.99999964 0.99999964 0.99999964
           0.99999964 0.99999964 0.99999964 0.99999964 0.99999964
           0.99999964 0.99999964 0.99999964 0.99999964 0.99999964
           0.99999964 0.99999964 0.99999964 0.99999964 0.99999964
           0.99999964 0.99999964 0.99999964 0.99999964 0.99999964
           0.99999964 0.99999964 0.99999964 0.99999964 0.99999964
           0.99999964 0.99999964 0.99999964 0.99999964 0.99999964
           0.99999964 0.99999964 0.99999964 0.99999964 0.99999964
           0.99999964 0.99999964 0.99999964 0.99999964 0.99999964
           0.99999964 0.99999964 0.99999964 0.99999964 0.99999964
           0.99999964 0.99999964 0.99999964 0.99999964 0.99999964
           0.99999964 0.99999964 0.99999964 0.99999964 0.99999964
           0.99999964 0.99999964 0.99999964 0.99999964 0.99999964
           0.99999964 0.99999964 0.99999964 0.99999964 0.99999964
           0.99999964 0.99999964 0.99999964 0.99999964 0.99999964
           0.99999964 0.99999964 0.99999964 0.99999964 0.99999964
           0.99999964 0.99999964 0.99999964 0.99999964 0.99999964
           0.99999964 0.99999964 0.99999964 0.99999964 0.99999964
           0.99999964 0.99999964 0.99999964 0.99999964 0.99999964
           0.99999964 0.99999964 0.99999964 0.99999964 0.99999964
           0.99999964 0.99999964 0.99999964 0.99999964 0.99999964
           0.99999964 0.99999964 0.99999964 0.99999964 0.99999964
           0.99999964 0.99999964 0.99999976 0.99999976 0.99999976
           0.99999976 0.99999976 0.99999976 0.99999976 0.99999976
           0.99999976 0.99999976 0.99999976 0.99999976 0.99999976
           0.99999976 0.99999976 0.99999976 0.99999976 0.99999976
           0.99999976 0.99999976 0.99999976 0.99999976 0.99999976
           0.99999976 0.99999976 0.99999976 0.99999976 0.99999976
           0.99999976 0.99999976 0.99999976 0.99999976 0.99999976
           0.99999976 0.99999976 0.99999976 0.99999976 0.99999976
           0.99999976 0.99999976 0.99999976 0.99999976 0.99999976
           0.99999976 0.99999976 0.99999976 0.99999976 0.99999976
           0.99999976 0.99999976 0.99999976 0.99999976 0.99999976
           0.99999976 0.99999976 0.99999976 0.99999982 0.99999982
           0.99999982 0.99999982 0.99999982 0.99999982 0.99999982
           0.99999982 0.99999982 0.99999982 0.99999982 0.99999982
           0.99999982 0.99999982 0.99999982 0.99999982 0.99999982
           0.99999982 0.99999982 0.99999982 0.99999982 0.99999982
           0.99999982 0.99999982 0.99999982 0.99999982 0.99999982
           0.99999982 0.99999982 0.99999982 0.99999982 0.99999982
           0.99999982 0.99999982 0.99999982 0.99999982 0.99999982
           0.99999982 0.99999982 0.99999982 0.99999982 0.99999982
           0.99999982 0.99999982 0.99999982 0.99999982 0.99999982
           0.99999982 0.99999982 0.99999982 0.99999982 0.99999982
           0.99999982 0.99999982 0.99999982 0.99999982 0.99999982
           0.99999982 0.99999982 0.99999982 0.99999982 0.99999982
           0.99999982 0.99999982 0.99999982 0.99999982 0.99999982
           0.99999982 0.99999982 0.99999982 0.99999982 0.99999982
           0.99999982 0.99999982 0.99999982 0.99999982 0.99999982
           0.99999982 0.99999982 0.99999982 0.99999982 0.99999982
           0.99999982 0.99999982 0.99999982 0.99999982 0.99999982
           0.99999982 0.99999982 0.99999982 0.99999982 0.99999982
           0.99999982 0.99999982 0.99999982 0.99999982 0.99999982
           0.99999982 0.99999982 0.99999982 0.99999982 0.99999982
           0.99999982 0.99999982 0.99999982 0.99999982 0.99999982
           0.99999982 0.99999982 0.99999982 0.99999982 0.99999982
           0.99999982 0.99999982 0.99999982 0.99999982 0.99999982
           0.99999982 0.99999982 0.99999982 0.99999982 0.99999982
           0.99999982 0.99999982 0.99999982 0.99999982 0.99999982
           0.99999982 0.99999982 0.99999982 0.99999982 0.99999982
           0.99999982 0.99999982 0.99999982 0.99999982 0.99999982
           0.99999982 0.99999982 0.99999982 0.99999982 0.99999982
           0.99999982 0.99999982 0.99999982 0.99999982 0.99999982
           0.99999982 0.99999982 0.99999982 0.99999982 0.99999982
           0.99999982 0.99999982 0.99999982 0.99999982 0.99999982
           0.99999982 0.99999982 0.99999982 0.99999982 0.99999982
           0.99999982 0.99999982 0.99999982 0.99999982 0.99999982
           0.99999982 0.99999982 0.99999982 0.99999982 0.99999982
           0.99999982 0.99999982 0.99999982 0.99999982 0.99999982
           0.99999982 0.99999982 0.99999982 0.99999982 0.99999982
           0.99999982 0.99999982 0.99999982 0.99999982 0.99999982
           0.99999982 0.99999982 0.99999982 0.99999982 0.99999982
           0.99999982 0.99999982 0.99999982 0.99999982 0.99999982
           0.99999982 0.99999982 0.99999982 0.99999982 0.99999982
           0.99999982 0.99999982 0.99999982 0.99999982 0.99999982
           0.99999982 0.99999982 0.99999982 0.99999982 0.99999982
           0.99999982 0.99999994 0.99999994 0.99999994 0.99999994
           0.99999994 0.99999994 0.99999994 0.99999994 0.99999994
           1.00000000 1.00000000 1.00000000 1.00000000 1.00000000
           1.00000000 1.00000000 1.00000000 1.00000000 1.00000000
           1.00000000 1.00000000 1.00000000 1.00000000 1.00000000
           1.00000000 1.00000000 1.00000000 1.00000000 1.00000000
           1.00000000 1.00000000 1.00000000 1.00000000 1.00000000
           1.00000000 1.00000000 1.00000000 1.00000000 1.00000000
           1.00000000 1.00000000 1.00000000 1.00000000 1.00000000
           1.00000000 1.00000000 1.00000000 1.00000000 1.00000000
           1.00000000 1.00000000 1.00000000 1.00000000 1.00000000
           1.00000000 1.00000000 1.00000000 1.00000000 1.00000000
           1.00000000 1.00000000 1.00000000 1.00000000 1.00000000
           1.00000000 1.00000000 1.00000000 1.00000000 1.00000000
           1.00000000 1.00000000 1.00000000 1.00000000 1.00000000
           1.00000000 1.00000000 1.00000000 1.00000000 1.00000000
           1.00000000 1.00000000 1.00000000 1.00000000 1.00000000
           1.00000000 1.00000000 1.00000000 1.00000000 1.00000000
           1.00000000 1.00000000 1.00000000 1.00000000 1.00000000
           1.00000000 1.00000000 1.00000000 1.00000000 1.00000000
           1.00000000 1.00000000 1.00000000 1.00000000 1.00000000
