           0.000509438 0.001765629 0.003282941 0.004973648 0.006758728
           0.008586626 0.010431682 0.012283965 0.014140507 0.016000693
           0.017864530 0.019732157 0.021603739 0.023479446 0.025359451
           0.027243933 0.029133071 0.031027046 0.032926045 0.034830252
           0.036739856 0.038655046 0.040576012 0.042502944 0.044436033
           0.046375468 0.048321440 0.050274138 0.052233748 0.054200458
           0.056174452 0.058155912 0.060145019 0.062141951 0.064146885
           0.066159995 0.068181452 0.070211428 0.072250090 0.074297605
           0.076354141 0.078419864 0.080494940 0.082579537 0.084673826
           0.086777980 0.088892176 0.091016598 0.093151435 0.095296886
           0.097453158 0.099620472 0.101799059 0.103989168 0.106191064
           0.108405030 0.110631372 0.112870417 0.115122518 0.117388055
           0.119667438 0.121961107 0.124269536 0.126593232 0.128932743
           0.131288651 0.133661582 0.136052200 0.138461216 0.140889382
           0.143337494 0.145806397 0.148296978 0.150810173 0.153346964
           0.155908376 0.158495482 0.161109397 0.163751282 0.166422337
           0.169123803 0.171856959 0.174623119 0.177423632 0.180259874
           0.183133252 0.186045195 0.188997152 0.191990589 0.195026986
           0.198107831 0.201234617 0.204408835 0.207631975 0.210905515
           0.214230922 0.217609643 0.221043103 0.224532701 0.228079801
           0.231685733 0.235351783 0.239079195 0.242869160 0.246722816
           0.250641245 0.254625463 0.258676423 0.262795008 0.266982030
           0.271238224 0.275564246 0.279960672 0.284427994 0.288966619
           0.293576864 0.298258959 0.303013042 0.307839159 0.312737262
           0.317707209 0.322748765 0.327861596 0.333045278 0.338299287
           0.343623007 0.349015727 0.354476642 0.360004854 0.365599373
           0.371259119 0.376982922 0.382769525 0.388617583 0.394525668
           0.400492270 0.406515797 0.412594582 0.418726877 0.424910866
           0.431144659 0.437426298 0.443753761 0.450124960 0.456537750
           0.462989929 0.469479238 0.476003372 0.482559974 0.489146645
           0.495760943 0.502400390 0.509062471 0.515744641 0.522444329
           0.529158936 0.535885843 0.542622416 0.549366005 0.556113947
           0.562863576 0.569612220 0.576357207 0.583095867 0.589825539
           0.596543570 0.603247320 0.609934167 0.616601507 0.623246760
           0.629867371 0.636460815 0.643024599 0.649556264 0.656053390
           0.662513598 0.668934551 0.675313957 0.681649577 0.687939217
           0.694180740 0.700372062 0.706511160 0.712596066 0.718624876
           0.724595748 0.730506905 0.736356637 0.742143299 0.747865317
           0.753521187 0.759109474 0.764628818 0.770077928 0.775455588
           0.780760656 0.785992064 0.791148817 0.796229997 0.801234759
           0.806162331 0.811012017 0.815783196 0.820475317 0.825087905
           0.829620554 0.834072933 0.838444779 0.842735899 0.846946169
           0.851075532 0.855123996 0.859091635 0.862978587 0.866785050
           0.870511284 0.874157606 0.877724392 0.881212071 0.884621129
           0.887952100 0.891205571 0.894382174 0.897482589 0.900507541
           0.903457796 0.906334158 0.909137474 0.911868623 0.914528520
           0.917118112 0.919638375 0.922090315 0.924474962 0.926793372
           0.929046622 0.931235810 0.933362050 0.935426476 0.937430233
           0.939374481 0.941260391 0.943089141 0.944861918 0.946579914
           0.948244326 0.949856353 0.951417195 0.952928051 0.954390119
           0.955804593 0.957172663 0.958495512 0.959774316 0.961010244
           0.962204455 0.963358096 0.964472305 0.965548205 0.966586907
           0.967589509 0.968557091 0.969490721 0.970391447 0.971260302
           0.972098302 0.972906444 0.973685706 0.974437048 0.975161409
           0.975859712 0.976532855 0.977181720 0.977807167 0.978410034
           0.978991142 0.979551288 0.980091250 0.980611783 0.981113625
           0.981597490 0.982064072 0.982514047 0.982948067 0.983366767
           0.983770761 0.984160641 0.984536984 0.984900344 0.985251259
           0.985590245 0.985917803 0.986234415 0.986540544 0.986836637
           0.987123124 0.987400419 0.987668918 0.987929004 0.988181043
           0.988425386 0.988662369 0.988892315 0.989115533 0.989332319
           0.989542955 0.989747711 0.989946845 0.990140604 0.990329223
           0.990512925 0.990691924 0.990866424 0.991036619 0.991202692
           0.991364819 0.991523166 0.991677893 0.991829149 0.991977077
           0.992121812 0.992263483 0.992402212 0.992538114 0.992671298
           0.992801868 0.992929923 0.993055553 0.993178849 0.993299891
           0.993418760 0.993535529 0.993650267 0.993763043 0.993873917
           0.993982950 0.994090196 0.994195710 0.994299540 0.994401734
           0.994502336 0.994601389 0.994698931 0.994795001 0.994889634
           0.994982863 0.995074720 0.995165235 0.995254436 0.995342351
           0.995429003 0.995514418 0.995598618 0.995681625 0.995763458
           0.995844138 0.995923683 0.996002110 0.996079435 0.996155676
           0.996230845 0.996304959 0.996378030 0.996450071 0.996521096
           0.996591115 0.996660140 0.996728182 0.996795251 0.996861358
           0.996926511 0.996990721 0.997053996 0.997116345 0.997177776
           0.997238297 0.997297916 0.997356640 0.997414477 0.997471434
           0.997527519 0.997582737 0.997637096 0.997690603 0.997743263
           0.997795084 0.997846071 0.997896231 0.997945570 0.997994094
           0.998041810 0.998088723 0.998134840 0.998180166 0.998224708
           0.998268472 0.998311463 0.998353689 0.998395155 0.998435867
           0.998475833 0.998515057 0.998553546 0.998591307 0.998628347
           0.998664671 0.998700287 0.998735201 0.998769420 0.998802950
           0.998835799 0.998867974 0.998899481 0.998930328 0.998960522
           0.998990070 0.999018980 0.999047259 0.999074914 0.999101954
           0.999128385 0.999154217 0.999179455 0.999204108 0.999228185
           0.999251692 0.999274639 0.999297032 0.999318881 0.999340193
           0.999360976 0.999381239 0.999400989 0.999420236 0.999438987
           0.999457250 0.999475034 0.999492348 0.999509199 0.999525595
           0.999541546 0.999557058 0.999572142 0.999586803 0.999601052
           0.999614895 0.999628342 0.999641400 0.999654077 0.999666381
           0.999678320 0.999689902 0.999701135 0.999712027 0.999722584
           0.999732816 0.999742729 0.999752331 0.999761629 0.999770630
           0.999779342 0.999787772 0.999795927 0.999803814 0.999811439
           0.999818810 0.999825933 0.999832815 0.999839462 0.999845880
           0.999852076 0.999858056 0.999863826 0.999869392 0.999874759
           0.999879934 0.999884922 0.999889728 0.999894359 0.999898819
           0.999903113 0.999907247 0.999911225 0.999915052 0.999918734
           0.999922275 0.999925678 0.999928950 0.999932093 0.999935113
           0.999938013 0.999940797 0.999943470 0.999946035 0.999948496
           0.999950856 0.999953119 0.999955289 0.999957368 0.999959360
           0.999961269 0.999963096 0.999964846 0.999966521 0.999968123
           0.999969656 0.999971123 0.999972525 0.999973865 0.999975146
           0.999976369 0.999977538 0.999978654 0.999979720 0.999980737
           0.999981707 0.999982633 0.999983516 0.999984357 0.999985160
           0.999985924 0.999986653 0.999987346 0.999988007 0.999988636
           0.999989234 0.999989804 0.999990345 0.999990860 0.999991350
           0.999991815 0.999992258 0.999992678 0.999993077 0.999993456
           0.999993815 0.999994157 0.999994481 0.999994788 0.999995079
           0.999995355 0.999995617 0.999995865 0.999996100 0.999996322
           0.999996533 0.999996732 0.999996920 0.999997099 0.999997268
           0.999997427 0.999997578 0.999997721 0.999997855 0.999997983
           0.999998103 0.999998216 0.999998323 0.999998424 0.999998520
           0.999998609 0.999998694 0.999998774 0.999998849 0.999998920
           0.999998987 0.999999050 0.999999109 0.999999165 0.999999217
           0.999999267 0.999999313 0.999999357 0.999999398 0.999999436
           0.999999472 0.999999506 0.999999538 0.999999568 0.999999596
           0.999999623 0.999999647 0.999999671 0.999999692 0.999999713
           0.999999732 0.999999750 0.999999766 0.999999782 0.999999797
           0.999999811 0.999999823 0.999999835 0.999999847 0.999999857
           0.999999867 0.999999876 0.999999885 0.999999893 0.999999900
           0.999999907 0.999999914 0.999999920 0.999999925 0.999999931
           0.999999936 0.999999940 0.999999945 0.999999949 0.999999952
           0.999999956 0.999999959 0.999999962 0.999999965 0.999999967
           0.999999970 0.999999972 0.999999974 0.999999976 0.999999978
           0.999999979 0.999999981 0.999999982 0.999999984 0.999999985
           0.999999986 0.999999987 0.999999988 0.999999989 0.999999990
           0.999999991 0.999999991 0.999999992 0.999999993 0.999999993
           0.999999994 0.999999994 0.999999995 0.999999995 0.999999995
           0.999999996 0.999999996 0.999999996 0.999999997 0.999999997
           0.999999997 0.999999997 0.999999998 0.999999998 0.999999998
           0.999999998 0.999999998 0.999999998 0.999999999 0.999999999
           0.999999999 0.999999999 0.999999999 0.999999999 0.999999999
           0.999999999 0.999999999 0.999999999 0.999999999 0.999999999
           1.000000000 1.000000000 1.000000000 1.000000000 1.000000000
           1.000000000 1.000000000 1.000000000 1.000000000 1.000000000
           1.000000000 1.000000000 1.000000000 1.000000000 1.000000000
           1.000000000 1.000000000 1.000000000 1.000000000 1.000000000
           1.000000000 1.000000000 1.000000000 1.000000000 1.000000000
           1.000000000 1.000000000 1.000000000 1.000000000 1.000000000
           1.000000000 1.000000000 1.000000000 1.000000000 1.000000000
           1.000000000 1.000000000 1.000000000 1.000000000 1.000000000
           1.000000000 1.000000000 1.000000000 1.000000000 1.000000000
           1.000000000 1.000000000 1.000000000 1.000000000 1.000000000
           1.000000000 1.000000000 1.000000000 1.000000000 1.000000000
           1.000000000 1.000000000 1.000000000 1.000000000 1.000000000
           1.000000000 1.000000000 1.000000000 1.000000000 1.000000000
           1.000000000 1.000000000 1.000000000 1.000000000 1.000000000
           1.000000000 1.000000000 1.000000000 1.000000000 1.000000000
           1.000000000 1.000000000 1.000000000 1.000000000 1.000000000
           1.000000000 1.000000000 1.000000000 1.000000000 1.000000000
           1.000000000 1.000000000 1.000000000 1.000000000 1.000000000
           1.000000000 1.000000000 1.000000000 1.000000000 1.000000000
           1.000000000 1.000000000 1.000000000 1.000000000 1.000000000
           1.000000000 1.000000000 1.000000000 1.000000000 1.000000000
           1.000000000 1.000000000 1.000000000 1.000000000 1.000000000
           1.000000000 1.000000000 1.000000000 1.000000000 1.000000000
           1.000000000 1.000000000 1.000000000 1.000000000 1.000000000
           1.000000000 1.000000000 1.000000000 1.000000000 1.000000000
           1.000000000 1.000000000 1.000000000 1.000000000 1.000000000
           1.000000000 1.000000000 1.000000000 1.000000000 1.000000000
           1.000000000 1.000000000 1.000000000 1.000000000 1.000000000
           1.000000000 1.000000000 1.000000000 1.000000000 1.000000000
           1.000000000 1.000000000 1.000000000 1.000000000 1.000000000
           1.000000000 1.000000000 1.000000000 1.000000000 1.000000000
           1.000000000 1.000000000 1.000000000 1.000000000 1.000000000
           1.000000000 1.000000000 1.000000000 1.000000000 1.000000000
           1.000000000 1.000000000 1.000000000 1.000000000 1.000000000
           1.000000000 1.000000000 1.000000000 1.000000000 1.000000000
           1.000000000 1.000000000 1.000000000 1.000000000 1.000000000
           1.000000000 1.000000000 1.000000000 1.000000000 1.000000000
           1.000000000 1.000000000 1.000000000 1.000000000 1.000000000
           1.000000000 1.000000000 1.000000000 1.000000000 1.000000000
           1.000000000 1.000000000 1.000000000 1.000000000 1.000000000
           1.000000000 1.000000000 1.000000000 1.000000000 1.000000000
           1.000000000 1.000000000 1.000000000 1.000000000 1.000000000
           1.000000000 1.000000000 1.000000000 1.000000000 1.000000000
           1.000000000 1.000000000 1.000000000 1.000000000 1.000000000
           1.000000000 1.000000000 1.000000000 1.000000000 1.000000000
           1.000000000 1.000000000 1.000000000 1.000000000 1.000000000
           1.000000000 1.000000000 1.000000000 1.000000000 1.000000000
           1.000000000 1.000000000 1.000000000 1.000000000 1.000000000
           1.000000000 1.000000000 1.000000000 1.000000000 1.000000000
           1.000000000 1.000000000 1.000000000 1.000000000 1.000000000
           1.000000000 1.000000000 1.000000000 1.000000000 1.000000000
           1.000000000 1.000000000 1.000000000 1.000000000 1.000000000
           1.000000000 1.000000000 1.000000000 1.000000000 1.000000000
           1.000000000 1.000000000 1.000000000 1.000000000 1.000000000
           1.000000000 1.000000000 1.000000000 1.000000000 1.000000000
           1.000000000 1.000000000 1.000000000 1.000000000 1.000000000
           1.000000000 1.000000000 1.000000000 1.000000000 1.000000000
           1.000000000 1.000000000 1.000000000 1.000000000 1.000000000
           1.000000000 1.000000000 1.000000000 1.000000000 1.000000000
           1.000000000 1.000000000 1.000000000 1.000000000 1.000000000
           1.000000000 1.000000000 1.000000000 1.000000000 1.000000000
           1.000000000 1.000000000 1.000000000 1.000000000 1.000000000
           1.000000000 1.000000000 1.000000000 1.000000000 1.000000000
           1.000000000 1.000000000 1.000000000 1.000000000 1.000000000
           1.000000000 1.000000000 1.000000000 1.000000000 1.000000000
           1.000000000 1.000000000 1.000000000 1.000000000 1.000000000
           1.000000000 1.000000000 1.000000000 1.000000000 1.000000000
           1.000000000 1.000000000 1.000000000 1.000000000 1.000000000
           1.000000000 1.000000000 1.000000000 1.000000000 1.000000000
           1.000000000 1.000000000 1.000000000 1.000000000 1.000000000
           1.000000000 1.000000000 1.000000000 1.000000000 1.000000000
           1.000000000 1.000000000 1.000000000 1.000000000 1.000000000
           1.000000000 1.000000000 1.000000000 1.000000000 1.000000000
           1.000000000 1.000000000 1.000000000 1.000000000 1.000000000
           1.000000000 1.000000000 1.000000000 1.000000000 1.000000000
           1.000000000 1.000000000 1.000000000 1.000000000 1.000000000
           1.000000000 1.000000000 1.000000000 1.000000000 1.000000000
           1.000000000 1.000000000 1.000000000 1.000000000 1.000000000
           1.000000000 1.000000000 1.000000000 1.000000000 1.000000000
           1.000000000 1.000000000 1.000000000 1.000000000 1.000000000
           1.000000000 1.000000000 1.000000000 1.000000000 1.000000000
           1.000000000 1.000000000 1.000000000 1.000000000 1.000000000
           1.000000000 1.000000000 1.000000000 1.000000000 1.000000000
           1.000000000 1.000000000 1.000000000 1.000000000 1.000000000
           1.000000000 1.000000000 1.000000000 1.000000000 1.000000000
           1.000000000 1.000000000 1.000000000 1.000000000 1.000000000
           1.000000000 1.000000000 1.000000000 1.000000000 1.000000000
           1.000000000 1.000000000 1.000000000 1.000000000 1.000000000
           1.000000000 1.000000000 1.000000000 1.000000000 1.000000000
           1.000000000 1.000000000 1.000000000 1.000000000 1.000000000
           1.000000000 1.000000000 1.000000000 1.000000000 1.000000000
           1.000000000 1.000000000 1.000000000 1.000000000 1.000000000
           1.000000000 1.000000000 1.000000000 1.000000000 1.000000000
           1.000000000 1.000000000 1.000000000 1.000000000 1.000000000
           1.000000000 1.000000000 1.000000000 1.000000000 1.000000000
           1.000000000 1.000000000 1.000000000 1.000000000 1.000000000
           1.000000000 1.000000000 1.000000000 1.000000000 1.000000000
           1.000000000 1.000000000 1.000000000 1.000000000 1.000000000
           1.000000000 1.000000000 1.000000000 1.000000000 1.000000000
           1.000000000 1.000000000 1.000000000 1.000000000 1.000000000
           1.000000000 1.000000000 1.000000000 1.000000000 1.000000000
           1.000000000 1.000000000 1.000000000 1.000000000 1.000000000
           1.000000000 1.000000000 1.000000000 1.000000000 1.000000000
           1.000000000 1.000000000 1.000000000 1.000000000 1.000000000
           1.000000000 1.000000000 1.000000000 1.000000000 1.000000000
           1.000000000 1.000000000 1.000000000 1.000000000 1.000000000
           1.000000000 1.000000000 1.000000000 1.000000000 1.000000000
           1.000000000 1.000000000 1.000000000 1.000000000 1.000000000
           1.000000000 1.000000000 1.000000000 1.000000000 1.000000000
           1.000000000 1.000000000 1.000000000 1.000000000 1.000000000
           1.000000000 1.000000000 1.000000000 1.000000000 1.000000000
           1.000000000 1.000000000 1.000000000 1.000000000 1.000000000
           1.000000000 1.000000000 1.000000000 1.000000000 1.000000000
           1.000000000 1.000000000 1.000000000 1.000000000 1.000000000
           1.000000000 1.000000000 1.000000000 1.000000000 1.000000000
           1.000000000 1.000000000 1.000000000 1.000000000 1.000000000
           1.000000000 1.000000000 1.000000000 1.000000000 1.000000000
           1.000000000 1.000000000 1.000000000 1.000000000 1.000000000
           1.000000000 1.000000000 1.000000000 1.000000000 1.000000000
           1.000000000 1.000000000 1.000000000 1.000000000 1.000000000
           1.000000000 1.000000000 1.000000000 1.000000000 1.000000000
           1.000000000 1.000000000 1.000000000 1.000000000 1.000000000
           1.000000000 1.000000000 1.000000000 1.000000000 1.000000000
           1.000000000 1.000000000 1.000000000 1.000000000 1.000000000
           1.000000000 1.000000000 1.000000000 1.000000000 1.000000000
           1.000000000 1.000000000 1.000000000 1.000000000 1.000000000
           1.000000000 1.000000000 1.000000000 1.000000000 1.000000000
           1.000000000 1.000000000 1.000000000 1.000000000 1.000000000
           1.000000000 1.000000000 1.000000000 1.000000000 1.000000000
           1.000000000 1.000000000 1.000000000 1.000000000 1.000000000
           1.000000000 1.000000000 1.000000000 1.000000000 1.000000000
           1.000000000 1.000000000 1.000000000 1.000000000 1.000000000
           1.000000000 1.000000000 1.000000000 1.000000000 1.000000000
           1.000000000 1.000000000 1.000000000 1.000000000 1.000000000
           1.000000000 1.000000000 1.000000000 1.000000000 1.000000000
           1.000000000 1.000000000 1.000000000 1.000000000 1.000000000
           1.000000000 1.000000000 1.000000000 1.000000000 1.000000000
           1.000000000 1.000000000 1.000000000 1.000000000 1.000000000
           1.000000000 1.000000000 1.000000000 1.000000000 1.000000000
           1.000000000 1.000000000 1.000000000 1.000000000 1.000000000
           1.000000000 1.000000000 1.000000000 1.000000000 1.000000000
           1.000000000 1.000000000 1.000000000 1.000000000 1.000000000
           1.000000000 1.000000000 1.000000000 1.000000000 1.000000000
           1.000000000 1.000000000 1.000000000 1.000000000 1.000000000
           1.000000000 1.000000000 1.000000000 1.000000000 1.000000000
           1.000000000 1.000000000 1.000000000 1.000000000 1.000000000
           1.000000000 1.000000000 1.000000000 1.000000000 1.000000000
           1.000000000 1.000000000 1.000000000 1.000000000 1.000000000
           1.000000000 1.000000000 1.000000000 1.000000000 1.000000000
           1.000000000 1.000000000 1.000000000 1.000000000 1.000000000
           1.000000000 1.000000000 1.000000000 1.000000000 1.000000000
           1.000000000 1.000000000 1.000000000 1.000000000 1.000000000
           1.000000000 1.000000000 1.000000000 1.000000000 1.000000000
           1.000000000 1.000000000 1.000000000 1.000000000 1.000000000
           1.000000000 1.000000000 1.000000000 1.000000000 1.000000000
           1.000000000 1.000000000 1.000000000 1.000000000 1.000000000
           1.000000000 1.000000000 1.000000000 1.000000000 1.000000000
           1.000000000 1.000000000 1.000000000 1.000000000 1.000000000
           1.000000000 1.000000000 1.000000000 1.000000000 1.000000000
           1.000000000 1.000000000 1.000000000 1.000000000 1.000000000
           1.000000000 1.000000000 1.000000000 1.000000000 1.000000000
           1.000000000 1.000000000 1.000000000 1.000000000 1.000000000
           1.000000000 1.000000000 1.000000000 1.000000000 1.000000000
           1.000000000 1.000000000 1.000000000 1.000000000 1.000000000
           1.000000000 1.000000000 1.000000000 1.000000000 1.000000000
           1.000000000 1.000000000 1.000000000 1.000000000 1.000000000
           1.000000000 1.000000000 1.000000000 1.000000000 1.000000000
           1.000000000 1.000000000 1.000000000 1.000000000 1.000000000
           1.000000000 1.000000000 1.000000000 1.000000000 1.000000000
           1.000000000 1.000000000 1.000000000 1.000000000 1.000000000
           1.000000000 1.000000000 1.000000000 1.000000000 1.000000000
           1.000000000 1.000000000 1.000000000 1.000000000 1.000000000
           1.000000000 1.000000000 1.000000000 1.000000000 1.000000000
           1.000000000 1.000000000 1.000000000 1.000000000 1.000000000
           1.000000000 1.000000000 1.000000000 1.000000000 1.000000000
           1.000000000 1.000000000 1.000000000 1.000000000 1.000000000
           1.000000000 1.000000000 1.000000000 1.000000000 1.000000000
           1.000000000 1.000000000 1.000000000 1.000000000 1.000000000
           1.000000000 1.000000000 1.000000000 1.000000000 1.000000000
           1.000000000 1.000000000 1.000000000 1.000000000 1.000000000
           1.000000000 1.000000000 1.000000000 1.000000000 1.000000000
           1.000000000 1.000000000 1.000000000 1.000000000 1.000000000
           1.000000000 1.000000000 1.000000000 1.000000000 1.000000000
           1.000000000 1.000000000 1.000000000 1.000000000 1.000000000
           1.000000000 1.000000000 1.000000000 1.000000000 1.000000000
           1.000000000 1.000000000 1.000000000 1.000000000 1.000000000
           1.000000000 1.000000000 1.000000000 1.000000000 1.000000000
           1.000000000 1.000000000 1.000000000 1.000000000 1.000000000
           1.000000000 1.000000000 1.000000000 1.000000000 1.000000000
           1.000000000 1.000000000 1.000000000 1.000000000 1.000000000
           1.000000000 1.000000000 1.000000000 1.000000000 1.000000000
           1.000000000 1.000000000 1.000000000 1.000000000 1.000000000
           1.000000000 1.000000000 1.000000000 1.000000000 1.000000000
           1.000000000 1.000000000 1.000000000 1.000000000 1.000000000
           1.000000000 1.000000000 1.000000000 1.000000000 1.000000000
           1.000000000 1.000000000 1.000000000 1.000000000 1.000000000
           1.000000000 1.000000000 1.000000000 1.000000000 1.000000000
           1.000000000 1.000000000 1.000000000 1.000000000 1.000000000
           1.000000000 1.000000000 1.000000000 1.000000000 1.000000000
           1.000000000 1.000000000 1.000000000 1.000000000 1.000000000
           1.000000000 1.000000000 1.000000000 1.000000000 1.000000000
           1.000000000 1.000000000 1.000000000 1.000000000 1.000000000
           1.000000000 1.000000000 1.000000000 1.000000000 1.000000000
           1.000000000 1.000000000 1.000000000 1.000000000 1.000000000
           1.000000000 1.000000000 1.000000000 1.000000000 1.000000000
           1.000000000 1.000000000 1.000000000 1.000000000 1.000000000
           1.000000000 1.000000000 1.000000000 1.000000000 1.000000000
           1.000000000 1.000000000 1.000000000 1.000000000 1.000000000
           1.000000000 1.000000000 1.000000000 1.000000000 1.000000000
           1.000000000 1.000000000 1.000000000 1.000000000 1.000000000
           1.000000000 1.000000000 1.000000000 1.000000000 1.000000000
           1.000000000 1.000000000 1.000000000 1.000000000 1.000000000
           1.000000000 1.000000000 1.000000000 1.000000000 1.000000000
           1.000000000 1.000000000 1.000000000 1.000000000 1.000000000
           1.000000000 1.000000000 1.000000000 1.000000000 1.000000000
           1.000000000 1.000000000 1.000000000 1.000000000 1.000000000
           1.000000000 1.000000000 1.000000000 1.000000000 1.000000000
           1.000000000 1.000000000 1.000000000 1.000000000 1.000000000
           1.000000000 1.000000000 1.000000000 1.000000000 1.000000000
           1.000000000 1.000000000 1.000000000 1.000000000 1.000000000
           1.000000000 1.000000000 1.000000000 1.000000000 1.000000000
           1.000000000 1.000000000 1.000000000 1.000000000 1.000000000
           1.000000000 1.000000000 1.000000000 1.000000000 1.000000000
           1.000000000 1.000000000 1.000000000 1.000000000 1.000000000
           1.000000000 1.000000000 1.000000000 1.000000000 1.000000000
           1.000000000 1.000000000 1.000000000 1.000000000 1.000000000
           1.000000000 1.000000000 1.000000000 1.000000000 1.000000000
           1.000000000 1.000000000 1.000000000 1.000000000 1.000000000
           1.000000000 1.000000000 1.000000000 1.000000000 1.000000000
           1.000000000 1.000000000 1.000000000 1.000000000 1.000000000
           1.000000000 1.000000000 1.000000000 1.000000000 1.000000000
           1.000000000 1.000000000 1.000000000 1.000000000 1.000000000
           1.000000000 1.000000000 1.000000000 1.000000000 1.000000000
           1.000000000 1.000000000 1.000000000 1.000000000 1.000000000
           1.000000000 1.000000000 1.000000000 1.000000000 1.000000000
           1.000000000 1.000000000 1.000000000 1.000000000 1.000000000
           1.000000000 1.000000000 1.000000000 1.000000000 1.000000000
           1.000000000 1.000000000 1.000000000 1.000000000 1.000000000
           1.000000000 1.000000000 1.000000000 1.000000000 1.000000000
           1.000000000 1.000000000 1.000000000 1.000000000 1.000000000
           1.000000000 1.000000000 1.000000000 1.000000000 1.000000000
           1.000000000 1.000000000 1.000000000 1.000000000 1.000000000
           1.000000000 1.000000000 1.000000000 1.000000000 1.000000000
           1.000000000 1.000000000 1.000000000 1.000000000 1.000000000
           1.000000000 1.000000000 1.000000000 1.000000000 1.000000000
           1.000000000 1.000000000 1.000000000 1.000000000 1.000000000
           1.000000000 1.000000000 1.000000000 1.000000000 1.000000000
           1.000000000 1.000000000 1.000000000 1.000000000 1.000000000
           1.000000000 1.000000000 1.000000000 1.000000000 1.000000000
           1.000000000 1.000000000 1.000000000 1.000000000 1.000000000
           1.000000000 1.000000000 1.000000000 1.000000000 1.000000000
           1.000000000 1.000000000 1.000000000 1.000000000 1.000000000
           1.000000000 1.000000000 1.000000000 1.000000000 1.000000000
           1.000000000 1.000000000 1.000000000 1.000000000 1.000000000
           1.000000000 1.000000000 1.000000000 1.000000000 1.000000000
           1.000000000 1.000000000 1.000000000 1.000000000 1.000000000
           1.000000000 1.000000000 1.000000000 1.000000000 1.000000000
           1.000000000 1.000000000 1.000000000 1.000000000 1.000000000
           1.000000000 1.000000000 1.000000000 1.000000000 1.000000000
           1.000000000 1.000000000 1.000000000 1.000000000 1.000000000
           1.000000000 1.000000000 1.000000000 1.000000000 1.000000000
           1.000000000 1.000000000 1.000000000 1.000000000 1.000000000
           1.000000000 1.000000000 1.000000000 1.000000000 1.000000000
           1.000000000 1.000000000 1.000000000 1.000000000 1.000000000
           1.000000000 1.000000000 1.000000000 1.000000000 1.000000000
           1.000000000 1.000000000 1.000000000 1.000000000 1.000000000
           1.000000000 1.000000000 1.000000000 1.000000000 1.000000000
           1.000000000 1.000000000 1.000000000 1.000000000 1.000000000
           1.000000000 1.000000000 1.000000000 1.000000000 1.000000000
           1.000000000 1.000000000 1.000000000 1.000000000 1.000000000
           1.000000000 1.000000000 1.000000000 1.000000000 1.000000000
           1.000000000 1.000000000 1.000000000 1.000000000 1.000000000
           1.000000000 1.000000000 1.000000000 1.000000000 1.000000000
           1.000000000 1.000000000 1.000000000 1.000000000 1.000000000
           1.000000000 1.000000000 1.000000000 1.000000000 1.000000000
           1.000000000 1.000000000 1.000000000 1.000000000 1.000000000
           1.000000000 1.000000000 1.000000000 1.000000000 1.000000000
           1.000000000 1.000000000 1.000000000 1.000000000 1.000000000
           1.000000000 1.000000000 1.000000000 1.000000000 1.000000000
           1.000000000 1.000000000 1.000000000 1.000000000 1.000000000
           1.000000000 1.000000000 1.000000000 1.000000000 1.000000000
           1.000000000 1.000000000 1.000000000 1.000000000 1.000000000
           1.000000000 1.000000000 1.000000000 1.000000000 1.000000000
           1.000000000 1.000000000 1.000000000 1.000000000 1.000000000
           1.000000000 1.000000000 1.000000000 1.000000000 1.000000000
           1.000000000 1.000000000 1.000000000 1.000000000 1.000000000
           1.000000000 1.000000000 1.000000000 1.000000000 1.000000000
           1.000000000 1.000000000 1.000000000 1.000000000 1.000000000
           1.000000000 1.000000000 1.000000000 1.000000000 1.000000000
           1.000000000 1.000000000 1.000000000 1.000000000 1.000000000
           1.000000000 1.000000000 1.000000000 1.000000000 1.000000000
           1.000000000 1.000000000 1.000000000 1.000000000 1.000000000
           1.000000000 1.000000000 1.000000000 1.000000000 1.000000000
           1.000000000 1.000000000 1.000000000 1.000000000 1.000000000
           1.000000000 1.000000000 1.000000000 1.000000000 1.000000000
           1.000000000 1.000000000 1.000000000 1.000000000 1.000000000
           1.000000000 1.000000000 1.000000000 1.000000000 1.000000000
           1.000000000 1.000000000 1.000000000 1.000000000 1.000000000
           1.000000000 1.000000000 1.000000000 1.000000000 1.000000000
           1.000000000 1.000000000 1.000000000 1.000000000 1.000000000
           1.000000000 1.000000000 1.000000000 1.000000000 1.000000000
           1.000000000 1.000000000 1.000000000 1.000000000 1.000000000
           1.000000000 1.000000000 1.000000000 1.000000000 1.000000000
           1.000000000 1.000000000 1.000000000 1.000000000 1.000000000
           1.000000000 1.000000000 1.000000000 1.000000000 1.000000000
           1.000000000 1.000000000 1.000000000 1.000000000 1.000000000
           1.000000000 1.000000000 1.000000000 1.000000000 1.000000000
           1.000000000 1.000000000 1.000000000 1.000000000 1.000000000
           1.000000000 1.000000000 1.000000000 1.000000000 1.000000000
           1.000000000 1.000000000 1.000000000 1.000000000 1.000000000
           1.000000000 1.000000000 1.000000000 1.000000000 1.000000000
           1.000000000 1.000000000 1.000000000 1.000000000 1.000000000
           1.000000000 1.000000000 1.000000000 1.000000000 1.000000000
           1.000000000 1.000000000 1.000000000 1.000000000 1.000000000
           1.000000000 1.000000000 1.000000000 1.000000000 1.000000000
           1.000000000 1.000000000 1.000000000 1.000000000 1.000000000
           1.000000000 1.000000000 1.000000000 1.000000000 1.000000000
           1.000000000 1.000000000 1.000000000 1.000000000 1.000000000
           1.000000000 1.000000000 1.000000000 1.000000000 1.000000000
           1.000000000 1.000000000 1.000000000 1.000000000 1.000000000
           1.000000000 1.000000000 1.000000000 1.000000000 1.000000000
           1.000000000 1.000000000 1.000000000 1.000000000 1.000000000
           1.000000000 1.000000000 1.000000000 1.000000000 1.000000000
           1.000000000 1.000000000 1.000000000 1.000000000 1.000000000
           1.000000000 1.000000000 1.000000000 1.000000000 1.000000000
           1.000000000 1.000000000 1.000000000 1.000000000 1.000000000
           1.000000000 1.000000000 1.000000000 1.000000000 1.000000000
           1.000000000 1.000000000 1.000000000 1.000000000 1.000000000
           1.000000000 1.000000000 1.000000000 1.000000000 1.000000000
           1.000000000 1.000000000 1.000000000 1.000000000 1.000000000
           1.000000000 1.000000000 1.000000000 1.000000000 1.000000000
           1.000000000 1.000000000 1.000000000 1.000000000 1.000000000
           1.000000000 1.000000000 1.000000000 1.000000000 1.000000000
           1.000000000 1.000000000 1.000000000 1.000000000 1.000000000
           1.000000000 1.000000000 1.000000000 1.000000000 1.000000000
           1.000000000 1.000000000 1.000000000 1.000000000 1.000000000
           1.000000000 1.000000000 1.000000000 1.000000000 1.000000000
           1.000000000 1.000000000 1.000000000 1.000000000 1.000000000
           1.000000000 1.000000000 1.000000000 1.000000000 1.000000000
           1.000000000 1.000000000 1.000000000 1.000000000 1.000000000
           1.000000000 1.000000000 1.000000000 1.000000000 1.000000000
           1.000000000 1.000000000 1.000000000 1.000000000 1.000000000
           1.000000000 1.000000000 1.000000000 1.000000000 1.000000000
           1.000000000 1.000000000 1.000000000 1.000000000 1.000000000
           1.000000000 1.000000000 1.000000000 1.000000000 1.000000000
           1.000000000 1.000000000 1.000000000 1.000000000 1.000000000
           1.000000000 1.000000000 1.000000000 1.000000000 1.000000000
           1.000000000 1.000000000 1.000000000 1.000000000 1.000000000
           1.000000000 1.000000000 1.000000000 1.000000000 1.000000000
           1.000000000 1.000000000 1.000000000 1.000000000 1.000000000
           1.000000000 1.000000000 1.000000000 1.000000000 1.000000000
           1.000000000 1.000000000 1.000000000 1.000000000 1.000000000
           1.000000000 1.000000000 1.000000000 1.000000000 1.000000000
           1.000000000 1.000000000 1.000000000 1.000000000 1.000000000
           1.000000000 1.000000000 1.000000000 1.000000000 1.000000000
           1.000000000 1.000000000 1.000000000 1.000000000 1.000000000
           1.000000000 1.000000000 1.000000000 1.000000000 1.000000000
           1.000000000 1.000000000 1.000000000 1.000000000 1.000000000
           1.000000000 1.000000000 1.000000000 1.000000000 1.000000000
           1.000000000 1.000000000 1.000000000 1.000000000 1.000000000
           1.000000000 1.000000000 1.000000000 1.000000000 1.000000000
           1.000000000 1.000000000 1.000000000 1.000000000 1.000000000
           1.000000000 1.000000000 1.000000000 1.000000000 1.000000000
           1.000000000 1.000000000 1.000000000 1.000000000 1.000000000
           1.000000000 1.000000000 1.000000000 1.000000000 1.000000000
           1.000000000 1.000000000 1.000000000 1.000000000 1.000000000
           1.000000000 1.000000000 1.000000000 1.000000000 1.000000000
           1.000000000 1.000000000 1.000000000 1.000000000 1.000000000
           1.000000000 1.000000000 1.000000000 1.000000000 1.000000000
           1.000000000 1.000000000 1.000000000 1.000000000 1.000000000
           1.000000000 1.000000000 1.000000000 1.000000000 1.000000000
           1.000000000 1.000000000 1.000000000 1.000000000 1.000000000
           1.000000000 1.000000000 1.000000000 1.000000000 1.000000000
           1.000000000 1.000000000 1.000000000 1.000000000 1.000000000
           1.000000000 1.000000000 1.000000000 1.000000000 1.000000000
           1.000000000 1.000000000 1.000000000 1.000000000 1.000000000
           1.000000000 1.000000000 1.000000000 1.000000000 1.000000000
           1.000000000 1.000000000 1.000000000 1.000000000 1.000000000
           1.000000000 1.000000000 1.000000000 1.000000000 1.000000000
           1.000000000 1.000000000 1.000000000 1.000000000 1.000000000
           1.000000000 1.000000000 1.000000000 1.000000000 1.000000000
           1.000000000 1.000000000 1.000000000 1.000000000 1.000000000
           1.000000000 1.000000000 1.000000000 1.000000000 1.000000000
           1.000000000 1.000000000 1.000000000 1.000000000 1.000000000
           1.000000000 1.000000000 1.000000000 1.000000000 1.000000000
           1.000000000 1.000000000 1.000000000 1.000000000 1.000000000
           1.000000000 1.000000000 1.000000000 1.000000000 1.000000000
           1.000000000 1.000000000 1.000000000 1.000000000 1.000000000
           1.000000000 1.000000000 1.000000000 1.000000000 1.000000000
           1.000000000 1.000000000 1.000000000 1.000000000 1.000000000
           1.000000000 1.000000000 1.000000000 1.000000000 1.000000000
           1.000000000 1.000000000 1.000000000 1.000000000 1.000000000
           1.000000000 1.000000000 1.000000000 1.000000000 1.000000000
           1.000000000 1.000000000 1.000000000 1.000000000 1.000000000
           1.000000000 1.000000000 1.000000000 1.000000000 1.000000000
           1.000000000 1.000000000 1.000000000 1.000000000 1.000000000
           1.000000000 1.000000000 1.000000000 1.000000000 1.000000000
           1.000000000 1.000000000 1.000000000 1.000000000 1.000000000
           1.000000000 1.000000000 1.000000000 1.000000000 1.000000000
           1.000000000 1.000000000 1.000000000 1.000000000 1.000000000
           1.000000000 1.000000000 1.000000000 1.000000000 1.000000000
           1.000000000 1.000000000 1.000000000 1.000000000 1.000000000
           1.000000000 1.000000000 1.000000000 1.000000000 1.000000000
           1.000000000 1.000000000 1.000000000 1.000000000 1.000000000
           1.000000000 1.000000000 1.000000000 1.000000000 1.000000000
           1.000000000 1.000000000 1.000000000 1.000000000 1.000000000
           1.000000000 1.000000000 1.000000000 1.000000000 1.000000000
           1.000000000 1.000000000 1.000000000 1.000000000 1.000000000
           1.000000000 1.000000000 1.000000000 1.000000000 1.000000000
           1.000000000 1.000000000 1.000000000 1.000000000 1.000000000
           1.000000000 1.000000000 1.000000000 1.000000000 1.000000000
           1.000000000 1.000000000 1.000000000 1.000000000 1.000000000
           1.000000000 1.000000000 1.000000000 1.000000000 1.000000000
           1.000000000 1.000000000 1.000000000 1.000000000 1.000000000
           1.000000000 1.000000000 1.000000000 1.000000000 1.000000000
           1.000000000 1.000000000 1.000000000 1.000000000 1.000000000
           1.000000000 1.000000000 1.000000000 1.000000000 1.000000000
           1.000000000 1.000000000 1.000000000 1.000000000 1.000000000
           1.000000000 1.000000000 1.000000000 1.000000000 1.000000000
           1.000000000 1.000000000 1.000000000 1.000000000 1.000000000
           1.000000000 1.000000000 1.000000000 1.000000000 1.000000000
           1.000000000 1.000000000 1.000000000 1.000000000 1.000000000
           1.000000000 1.000000000 1.000000000 1.000000000 1.000000000
           1.000000000 1.000000000 1.000000000 1.000000000 1.000000000
           1.000000000 1.000000000 1.000000000 1.000000000 1.000000000
           1.000000000 1.000000000 1.000000000 1.000000000 1.000000000
           1.000000000 1.000000000 1.000000000 1.000000000 1.000000000
           1.000000000 1.000000000 1.000000000 1.000000000 1.000000000
           1.000000000 1.000000000 1.000000000 1.000000000 1.000000000
           1.000000000 1.000000000 1.000000000 1.000000000 1.000000000
           1.000000000 1.000000000 1.000000000 1.000000000 1.000000000
           1.000000000 1.000000000 1.000000000 1.000000000 1.000000000
           1.000000000 1.000000000 1.000000000 1.000000000 1.000000000
           1.000000000 1.000000000 1.000000000 1.000000000 1.000000000
           1.000000000 1.000000000 1.000000000 1.000000000 1.000000000
           1.000000000 1.000000000 1.000000000 1.000000000 1.000000000
           1.000000000 1.000000000 1.000000000 1.000000000 1.000000000
           1.000000000 1.000000000 1.000000000 1.000000000 1.000000000
           1.000000000 1.000000000 1.000000000 1.000000000 1.000000000
           1.000000000 1.000000000 1.000000000 1.000000000 1.000000000
           1.000000000 1.000000000 1.000000000 1.000000000 1.000000000
           1.000000000 1.000000000 1.000000000 1.000000000 1.000000000
           1.000000000 1.000000000 1.000000000 1.000000000 1.000000000
           1.000000000 1.000000000 1.000000000 1.000000000 1.000000000
           1.000000000 1.000000000 1.000000000 1.000000000 1.000000000
           1.000000000 1.000000000 1.000000000 1.000000000 1.000000000
           1.000000000 1.000000000 1.000000000 1.000000000 1.000000000
           1.000000000 1.000000000 1.000000000 1.000000000 1.000000000
           1.000000000 1.000000000 1.000000000 1.000000000 1.000000000
           1.000000000 1.000000000 1.000000000 1.000000000 1.000000000
           1.000000000 1.000000000 1.000000000 1.000000000 1.000000000
           1.000000000 1.000000000 1.000000000 1.000000000 1.000000000
           1.000000000 1.000000000 1.000000000 1.000000000 1.000000000
           1.000000000 1.000000000 1.000000000 1.000000000 1.000000000
           1.000000000 1.000000000 1.000000000 1.000000000 1.000000000
           1.000000000 1.000000000 1.000000000 1.000000000 1.000000000
           1.000000000 1.000000000 1.000000000 1.000000000 1.000000000
           1.000000000 1.000000000 1.000000000 1.000000000 1.000000000
           1.000000000 1.000000000 1.000000000 1.000000000 1.000000000
           1.000000000 1.000000000 1.000000000 1.000000000 1.000000000
           1.000000000 1.000000000 1.000000000 1.000000000 1.000000000
           1.000000000 1.000000000 1.000000000 1.000000000 1.000000000
           1.000000000 1.000000000 1.000000000 1.000000000 1.000000000
           1.000000000 1.000000000 1.000000000 1.000000000 1.000000000
           1.000000000 1.000000000 1.000000000 1.000000000 1.000000000
           1.000000000 1.000000000 1.000000000 1.000000000 1.000000000
           1.000000000 1.000000000 1.000000000 1.000000000 1.000000000
           1.000000000 1.000000000 1.000000000 1.000000000 1.000000000
           1.000000000 1.000000000 1.000000000 1.000000000 1.000000000
           1.000000000 1.000000000 1.000000000 1.000000000 1.000000000
           1.000000000 1.000000000 1.000000000 1.000000000 1.000000000
           1.000000000 1.000000000 1.000000000 1.000000000 1.000000000
           1.000000000 1.000000000 1.000000000 1.000000000 1.000000000
           1.000000000 1.000000000 1.000000000 1.000000000 1.000000000
           1.000000000 1.000000000 1.000000000 1.000000000 1.000000000
           1.000000000 1.000000000 1.000000000 1.000000000 1.000000000
           1.000000000 1.000000000 1.000000000 1.000000000 1.000000000
           1.000000000 1.000000000 1.000000000 1.000000000 1.000000000
           1.000000000 1.000000000 1.000000000 1.000000000 1.000000000
           1.000000000 1.000000000 1.000000000 1.000000000 1.000000000
           1.000000000 1.000000000 1.000000000 1.000000000 1.000000000
           1.000000000 1.000000000 1.000000000 1.000000000 1.000000000
           1.000000000 1.000000000 1.000000000 1.000000000 1.000000000
           1.000000000 1.000000000 1.000000000 1.000000000 1.000000000
           1.000000000 1.000000000 1.000000000 1.000000000 1.000000000
           1.000000000 1.000000000 1.000000000 1.000000000 1.000000000
           1.000000000 1.000000000 1.000000000 1.000000000 1.000000000
           1.000000000 1.000000000 1.000000000 1.000000000 1.000000000
           1.000000000 1.000000000 1.000000000 1.000000000 1.000000000
           1.000000000 1.000000000 1.000000000 1.000000000 1.000000000
           1.000000000 1.000000000 1.000000000 1.000000000 1.000000000
           1.000000000 1.000000000 1.000000000 1.000000000 1.000000000
           1.000000000 1.000000000 1.000000000 1.000000000 1.000000000
           1.000000000 1.000000000 1.000000000 1.000000000 1.000000000
           1.000000000 1.000000000 1.000000000 1.000000000 1.000000000
           1.000000000 1.000000000 1.000000000 1.000000000 1.000000000
           1.000000000 1.000000000 1.000000000 1.000000000 1.000000000
           1.000000000 1.000000000 1.000000000 1.000000000 1.000000000
           1.000000000 1.000000000 1.000000000 1.000000000 1.000000000
           1.000000000 1.000000000 1.000000000 1.000000000 1.000000000
           1.000000000 1.000000000 1.000000000 1.000000000 1.000000000
           1.000000000 1.000000000 1.000000000 1.000000000 1.000000000
           1.000000000 1.000000000 1.000000000 1.000000000 1.000000000
           1.000000000 1.000000000 1.000000000 1.000000000 1.000000000
           1.000000000 1.000000000 1.000000000 1.000000000 1.000000000
           1.000000000 1.000000000 1.000000000 1.000000000 1.000000000
           1.000000000 1.000000000 1.000000000 1.000000000 1.000000000
           1.000000000 1.000000000 1.000000000 1.000000000 1.000000000
           1.000000000 1.000000000 1.000000000 1.000000000 1.000000000
           1.000000000 1.000000000 1.000000000 1.000000000 1.000000000
           1.000000000 1.000000000 1.000000000 1.000000000 1.000000000
           1.000000000 1.000000000 1.000000000 1.000000000 1.000000000
           1.000000000 1.000000000 1.000000000 1.000000000 1.000000000
           1.000000000 1.000000000 1.000000000 1.000000000 1.000000000
           1.000000000 1.000000000 1.000000000 1.000000000 1.000000000
           1.000000000 1.000000000 1.000000000 1.000000000 1.000000000
           1.000000000 1.000000000 1.000000000 1.000000000 1.000000000
           1.000000000 1.000000000 1.000000000 1.000000000 1.000000000
           1.000000000 1.000000000 1.000000000 1.000000000 1.000000000
           1.000000000 1.000000000 1.000000000 1.000000000 1.000000000
           1.000000000 1.000000000 1.000000000 1.000000000 1.000000000
           1.000000000 1.000000000 1.000000000 1.000000000 1.000000000
           1.000000000 1.000000000 1.000000000 1.000000000 1.000000000
           1.000000000 1.000000000 1.000000000 1.000000000 1.000000000
           1.000000000 1.000000000 1.000000000 1.000000000 1.000000000
           1.000000000 1.000000000 1.000000000 1.000000000 1.000000000
           1.000000000 1.000000000 1.000000000 1.000000000 1.000000000
           1.000000000 1.000000000 1.000000000 1.000000000 1.000000000
           1.000000000 1.000000000 1.000000000 1.000000000 1.000000000
           1.000000000 1.000000000 1.000000000 1.000000000 1.000000000
           1.000000000 1.000000000 1.000000000 1.000000000 1.000000000
           1.000000000 1.000000000 1.000000000 1.000000000 1.000000000
           1.000000000 1.000000000 1.000000000 1.000000000 1.000000000
           1.000000000 1.000000000 1.000000000 1.000000000 1.000000000
           1.000000000 1.000000000 1.000000000 1.000000000 1.000000000
           1.000000000 1.000000000 1.000000000 1.000000000 1.000000000
           1.000000000 1.000000000 1.000000000 1.000000000 1.000000000
           1.000000000 1.000000000 1.000000000 1.000000000 1.000000000
           1.000000000 1.000000000 1.000000000 1.000000000 1.000000000
           1.000000000 1.000000000 1.000000000 1.000000000 1.000000000
           1.000000000 1.000000000 1.000000000 1.000000000 1.000000000
           1.000000000 1.000000000 1.000000000 1.000000000 1.000000000
           1.000000000 1.000000000 1.000000000 1.000000000 1.000000000
           1.000000000 1.000000000 1.000000000 1.000000000 1.000000000
           1.000000000 1.000000000 1.000000000 1.000000000 1.000000000
           1.000000000 1.000000000 1.000000000 1.000000000 1.000000000
           1.000000000 1.000000000 1.000000000 1.000000000 1.000000000
           1.000000000 1.000000000 1.000000000 1.000000000 1.000000000
           1.000000000 1.000000000 1.000000000 1.000000000 1.000000000
           1.000000000 1.000000000 1.000000000 1.000000000 1.000000000
           1.000000000 1.000000000 1.000000000 1.000000000 1.000000000
           1.000000000 1.000000000 1.000000000 1.000000000 1.000000000
           1.000000000 1.000000000 1.000000000 1.000000000 1.000000000
           1.000000000 1.000000000 1.000000000 1.000000000 1.000000000
           1.000000000 1.000000000 1.000000000 1.000000000 1.000000000
           1.000000000 1.000000000 1.000000000 1.000000000 1.000000000
           1.000000000 1.000000000 1.000000000 1.000000000 1.000000000
           1.000000000 1.000000000 1.000000000 1.000000000 1.000000000
           1.000000000 1.000000000 1.000000000 1.000000000 1.000000000
           1.000000000 1.000000000 1.000000000 1.000000000 1.000000000
           1.000000000 1.000000000 1.000000000 1.000000000 1.000000000
           1.000000000 1.000000000 1.000000000 1.000000000 1.000000000
           1.000000000 1.000000000 1.000000000 1.000000000 1.000000000
           1.000000000 1.000000000 1.000000000 1.000000000 1.000000000
           1.000000000 1.000000000 1.000000000 1.000000000 1.000000000
           1.000000000 1.000000000 1.000000000 1.000000000 1.000000000
           1.000000000 1.000000000 1.000000000 1.000000000 1.000000000
           1.000000000 1.000000000 1.000000000 1.000000000 1.000000000
           1.000000000 1.000000000 1.000000000 1.000000000 1.000000000
           1.000000000 1.000000000 1.000000000 1.000000000 1.000000000
           1.000000000 1.000000000 1.000000000 1.000000000 1.000000000
           1.000000000 1.000000000 1.000000000 1.000000000 1.000000000
           1.000000000 1.000000000 1.000000000 1.000000000 1.000000000
           1.000000000 1.000000000 1.000000000 1.000000000 1.000000000
           1.000000000 1.000000000 1.000000000 1.000000000 1.000000000
           1.000000000 1.000000000 1.000000000 1.000000000 1.000000000
           1.000000000 1.000000000 1.000000000 1.000000000 1.000000000
           1.000000000 1.000000000 1.000000000 1.000000000 1.000000000
           1.000000000 1.000000000 1.000000000 1.000000000 1.000000000
           1.000000000 1.000000000 1.000000000 1.000000000 1.000000000
           1.000000000 1.000000000 1.000000000 1.000000000 1.000000000
           1.000000000 1.000000000 1.000000000 1.000000000 1.000000000
           1.000000000 1.000000000 1.000000000 1.000000000 1.000000000
           1.000000000 1.000000000 1.000000000 1.000000000 1.000000000
           1.000000000 1.000000000 1.000000000 1.000000000 1.000000000
           1.000000000 1.000000000 1.000000000 1.000000000 1.000000000
           1.000000000 1.000000000 1.000000000 1.000000000 1.000000000
           1.000000000 1.000000000 1.000000000 1.000000000 1.000000000
           1.000000000 1.000000000 1.000000000 1.000000000 1.000000000
           1.000000000 1.000000000 1.000000000 1.000000000 1.000000000
           1.000000000 1.000000000 1.000000000 1.000000000 1.000000000
           1.000000000 1.000000000 1.000000000 1.000000000 1.000000000
           1.000000000 1.000000000 1.000000000 1.000000000 1.000000000
           1.000000000 1.000000000 1.000000000 1.000000000 1.000000000
           1.000000000 1.000000000 1.000000000 1.000000000 1.000000000
           1.000000000 1.000000000 1.000000000 1.000000000 1.000000000
           1.000000000 1.000000000 1.000000000 1.000000000 1.000000000
           1.000000000 1.000000000 1.000000000 1.000000000 1.000000000
           1.000000000 1.000000000 1.000000000 1.000000000 1.000000000
           1.000000000 1.000000000 1.000000000 1.000000000 1.000000000
           1.000000000 1.000000000 1.000000000 1.000000000 1.000000000
           1.000000000 1.000000000 1.000000000 1.000000000 1.000000000
           1.000000000 1.000000000 1.000000000 1.000000000 1.000000000
           1.000000000 1.000000000 1.000000000 1.000000000 1.000000000
           1.000000000 1.000000000 1.000000000 1.000000000 1.000000000
           1.000000000 1.000000000 1.000000000 1.000000000 1.000000000
           1.000000000 1.000000000 1.000000000 1.000000000 1.000000000
           1.000000000 1.000000000 1.000000000 1.000000000 1.000000000
           1.000000000 1.000000000 1.000000000 1.000000000 1.000000000
           1.000000000 1.000000000 1.000000000 1.000000000 1.000000000
           1.000000000 1.000000000 1.000000000 1.000000000 1.000000000
           1.000000000 1.000000000 1.000000000 1.000000000 1.000000000
           1.000000000 1.000000000 1.000000000 1.000000000 1.000000000
           1.000000000 1.000000000 1.000000000 1.000000000 1.000000000
           1.000000000 1.000000000 1.000000000 1.000000000 1.000000000
           1.000000000 1.000000000 1.000000000 1.000000000 1.000000000
           1.000000000 1.000000000 1.000000000 1.000000000 1.000000000
           1.000000000 1.000000000 1.000000000 1.000000000 1.000000000
           1.000000000 1.000000000 1.000000000 1.000000000 1.000000000
           1.000000000 1.000000000 1.000000000 1.000000000 1.000000000
           1.000000000 1.000000000 1.000000000 1.000000000 1.000000000
           1.000000000 1.000000000 1.000000000 1.000000000 1.000000000
           1.000000000 1.000000000 1.000000000 1.000000000 1.000000000
           1.000000000 1.000000000 1.000000000 1.000000000 1.000000000
           1.000000000 1.000000000 1.000000000 1.000000000 1.000000000
           1.000000000 1.000000000 1.000000000 1.000000000 1.000000000
           1.000000000 1.000000000 1.000000000 1.000000000 1.000000000
           1.000000000 1.000000000 1.000000000 1.000000000 1.000000000
           1.000000000 1.000000000 1.000000000 1.000000000 1.000000000
           1.000000000 1.000000000 1.000000000 1.000000000 1.000000000
           1.000000000 1.000000000 1.000000000 1.000000000 1.000000000
           1.000000000 1.000000000 1.000000000 1.000000000 1.000000000
           1.000000000 1.000000000 1.000000000 1.000000000 1.000000000
           1.000000000 1.000000000 1.000000000 1.000000000 1.000000000
           1.000000000 1.000000000 1.000000000 1.000000000 1.000000000
           1.000000000 1.000000000 1.000000000 1.000000000 1.000000000
           1.000000000 1.000000000 1.000000000 1.000000000 1.000000000
           1.000000000 1.000000000 1.000000000 1.000000000 1.000000000
           1.000000000 1.000000000 1.000000000 1.000000000 1.000000000
           1.000000000 1.000000000 1.000000000 1.000000000 1.000000000
           1.000000000 1.000000000 1.000000000 1.000000000 1.000000000
           1.000000000 1.000000000 1.000000000 1.000000000 1.000000000
           1.000000000 1.000000000 1.000000000 1.000000000 1.000000000
           1.000000000 1.000000000 1.000000000 1.000000000 1.000000000
           1.000000000 1.000000000 1.000000000 1.000000000 1.000000000
           1.000000000 1.000000000 1.000000000 1.000000000 1.000000000
           1.000000000 1.000000000 1.000000000 1.000000000 1.000000000
           1.000000000 1.000000000 1.000000000 1.000000000 1.000000000
           1.000000000 1.000000000 1.000000000 1.000000000 1.000000000
           1.000000000 1.000000000 1.000000000 1.000000000 1.000000000
           1.000000000 1.000000000 1.000000000 1.000000000 1.000000000
           1.000000000 1.000000000 1.000000000 1.000000000 1.000000000
           1.000000000 1.000000000 1.000000000 1.000000000 1.000000000
           1.000000000 1.000000000 1.000000000 1.000000000 1.000000000
           1.000000000 1.000000000 1.000000000 1.000000000 1.000000000
           1.000000000 1.000000000 1.000000000 1.000000000 1.000000000
           1.000000000 1.000000000 1.000000000 1.000000000 1.000000000
           1.000000000 1.000000000 1.000000000 1.000000000 1.000000000
           1.000000000 1.000000000 1.000000000 1.000000000 1.000000000
           1.000000000 1.000000000 1.000000000 1.000000000 1.000000000
           1.000000000 1.000000000 1.000000000 1.000000000 1.000000000
           1.000000000 1.000000000 1.000000000 1.000000000 1.000000000
           1.000000000 1.000000000 1.000000000 1.000000000 1.000000000
           1.000000000 1.000000000 1.000000000 1.000000000 1.000000000
           1.000000000 1.000000000 1.000000000 1.000000000 1.000000000
           1.000000000 1.000000000 1.000000000 1.000000000 1.000000000
           1.000000000 1.000000000 1.000000000 1.000000000 1.000000000
           1.000000000 1.000000000 1.000000000 1.000000000 1.000000000
           1.000000000 1.000000000 1.000000000 1.000000000 1.000000000
           1.000000000 1.000000000 1.000000000 1.000000000 1.000000000
           1.000000000 1.000000000 1.000000000 1.000000000 1.000000000
           1.000000000 1.000000000 1.000000000 1.000000000 1.000000000
           1.000000000 1.000000000 1.000000000 1.000000000 1.000000000
           1.000000000 1.000000000 1.000000000 1.000000000 1.000000000
           1.000000000 1.000000000 1.000000000 1.000000000 1.000000000
           1.000000000 1.000000000 1.000000000 1.000000000 1.000000000
           1.000000000 1.000000000 1.000000000 1.000000000 1.000000000
           1.000000000 1.000000000 1.000000000 1.000000000 1.000000000
           1.000000000 1.000000000 1.000000000 1.000000000 1.000000000
           1.000000000 1.000000000 1.000000000 1.000000000 1.000000000
           1.000000000 1.000000000 1.000000000 1.000000000 1.000000000
           1.000000000 1.000000000 1.000000000 1.000000000 1.000000000
           1.000000000 1.000000000 1.000000000 1.000000000 1.000000000
           1.000000000 1.000000000 1.000000000 1.000000000 1.000000000
           1.000000000 1.000000000 1.000000000 1.000000000 1.000000000
           1.000000000 1.000000000 1.000000000 1.000000000 1.000000000
           1.000000000 1.000000000 1.000000000 1.000000000 1.000000000
           1.000000000 1.000000000 1.000000000 1.000000000 1.000000000
           1.000000000 1.000000000 1.000000000 1.000000000 1.000000000
           1.000000000 1.000000000 1.000000000 1.000000000 1.000000000
           1.000000000 1.000000000 1.000000000 1.000000000 1.000000000
           1.000000000 1.000000000 1.000000000 1.000000000 1.000000000
           1.000000000 1.000000000 1.000000000 1.000000000 1.000000000
           1.000000000 1.000000000 1.000000000 1.000000000 1.000000000
           1.000000000 1.000000000 1.000000000 1.000000000 1.000000000
           1.000000000 1.000000000 1.000000000 1.000000000 1.000000000
           1.000000000 1.000000000 1.000000000 1.000000000 1.000000000
           1.000000000 1.000000000 1.000000000 1.000000000 1.000000000
           1.000000000 1.000000000 1.000000000 1.000000000 1.000000000
           1.000000000 1.000000000 1.000000000 1.000000000 1.000000000
           1.000000000 1.000000000 1.000000000 1.000000000 1.000000000
           1.000000000 1.000000000 1.000000000 1.000000000 1.000000000
           1.000000000 1.000000000 1.000000000 1.000000000 1.000000000
           1.000000000 1.000000000 1.000000000 1.000000000 1.000000000
           1.000000000 1.000000000 1.000000000 1.000000000 1.000000000
           1.000000000 1.000000000 1.000000000 1.000000000 1.000000000
           1.000000000 1.000000000 1.000000000 1.000000000 1.000000000
           1.000000000 1.000000000 1.000000000 1.000000000 1.000000000
           1.000000000 1.000000000 1.000000000 1.000000000 1.000000000
           1.000000000 1.000000000 1.000000000 1.000000000 1.000000000
           1.000000000 1.000000000 1.000000000 1.000000000 1.000000000
           1.000000000 1.000000000 1.000000000 1.000000000 1.000000000
           1.000000000 1.000000000 1.000000000 1.000000000 1.000000000
           1.000000000 1.000000000 1.000000000 1.000000000 1.000000000
           1.000000000 1.000000000 1.000000000 1.000000000 1.000000000
           1.000000000 1.000000000 1.000000000 1.000000000 1.000000000
           1.000000000 1.000000000 1.000000000 1.000000000 1.000000000
           1.000000000 1.000000000 1.000000000 1.000000000 1.000000000
           1.000000000 1.000000000 1.000000000 1.000000000 1.000000000
           1.000000000 1.000000000 1.000000000 1.000000000 1.000000000
           1.000000000 1.000000000 1.000000000 1.000000000 1.000000000
           1.000000000 1.000000000 1.000000000 1.000000000 1.000000000
           1.000000000 1.000000000 1.000000000 1.000000000 1.000000000
           1.000000000 1.000000000 1.000000000 1.000000000 1.000000000
           1.000000000 1.000000000 1.000000000 1.000000000 1.000000000
           1.000000000 1.000000000 1.000000000 1.000000000 1.000000000
           1.000000000 1.000000000 1.000000000 1.000000000 1.000000000
           1.000000000 1.000000000 1.000000000 1.000000000 1.000000000
           1.000000000 1.000000000 1.000000000 1.000000000 1.000000000
           1.000000000 1.000000000 1.000000000 1.000000000 1.000000000
           1.000000000 1.000000000 1.000000000 1.000000000 1.000000000
           1.000000000 1.000000000 1.000000000 1.000000000 1.000000000
           1.000000000 1.000000000 1.000000000 1.000000000 1.000000000
           1.000000000 1.000000000 1.000000000 1.000000000 1.000000000
           1.000000000 1.000000000 1.000000000 1.000000000 1.000000000
           1.000000000 1.000000000 1.000000000 1.000000000 1.000000000
           1.000000000 1.000000000 1.000000000 1.000000000 1.000000000
           1.000000000 1.000000000 1.000000000 1.000000000 1.000000000
           1.000000000 1.000000000 1.000000000 1.000000000 1.000000000
           1.000000000 1.000000000 1.000000000 1.000000000 1.000000000
           1.000000000 1.000000000 1.000000000 1.000000000 1.000000000
           1.000000000 1.000000000 1.000000000 1.000000000 1.000000000
           1.000000000 1.000000000 1.000000000 1.000000000 1.000000000
           1.000000000 1.000000000 1.000000000 1.000000000 1.000000000
           1.000000000 1.000000000 1.000000000 1.000000000 1.000000000
           1.000000000 1.000000000 1.000000000 1.000000000 1.000000000
           1.000000000 1.000000000 1.000000000 1.000000000 1.000000000
           1.000000000 1.000000000 1.000000000 1.000000000 1.000000000
           1.000000000 1.000000000 1.000000000 1.000000000 1.000000000
           1.000000000 1.000000000 1.000000000 1.000000000 1.000000000
           1.000000000 1.000000000 1.000000000 1.000000000 1.000000000
           1.000000000 1.000000000 1.000000000 1.000000000 1.000000000
           1.000000000 1.000000000 1.000000000 1.000000000 1.000000000
           1.000000000 1.000000000 1.000000000 1.000000000 1.000000000
           1.000000000 1.000000000 1.000000000 1.000000000 1.000000000
           1.000000000 1.000000000 1.000000000 1.000000000 1.000000000
           1.000000000 1.000000000 1.000000000 1.000000000 1.000000000
           1.000000000 1.000000000 1.000000000 1.000000000 1.000000000
           1.000000000 1.000000000 1.000000000 1.000000000 1.000000000
           1.000000000 1.000000000 1.000000000 1.000000000 1.000000000
           1.000000000 1.000000000 1.000000000 1.000000000 1.000000000
           1.000000000 1.000000000 1.000000000 1.000000000 1.000000000
           1.000000000 1.000000000 1.000000000 1.000000000 1.000000000
           1.000000000 1.000000000 1.000000000 1.000000000 1.000000000
           1.000000000 1.000000000 1.000000000 1.000000000 1.000000000
           1.000000000 1.000000000 1.000000000 1.000000000 1.000000000
           1.000000000 1.000000000 1.000000000 1.000000000 1.000000000
           1.000000000 1.000000000 1.000000000 1.000000000 1.000000000
           1.000000000 1.000000000 1.000000000 1.000000000 1.000000000
           1.000000000 1.000000000 1.000000000 1.000000000 1.000000000
           1.000000000 1.000000000 1.000000000 1.000000000 1.000000000
           1.000000000 1.000000000 1.000000000 1.000000000 1.000000000
           1.000000000 1.000000000 1.000000000 1.000000000 1.000000000
           1.000000000 1.000000000 1.000000000 1.000000000 1.000000000
           1.000000000 1.000000000 1.000000000 1.000000000 1.000000000
           1.000000000 1.000000000 1.000000000 1.000000000 1.000000000
           1.000000000 1.000000000 1.000000000 1.000000000 1.000000000
           1.000000000 1.000000000 1.000000000 1.000000000 1.000000000
           1.000000000 1.000000000 1.000000000 1.000000000 1.000000000
           1.000000000 1.000000000 1.000000000 1.000000000 1.000000000
           1.000000000 1.000000000 1.000000000 1.000000000 1.000000000
           1.000000000 1.000000000 1.000000000 1.000000000 1.000000000
           1.000000000 1.000000000 1.000000000 1.000000000 1.000000000
           1.000000000 1.000000000 1.000000000 1.000000000 1.000000000
           1.000000000 1.000000000 1.000000000 1.000000000 1.000000000
           1.000000000 1.000000000 1.000000000 1.000000000 1.000000000
           1.000000000 1.000000000 1.000000000 1.000000000 1.000000000
           1.000000000 1.000000000 1.000000000 1.000000000 1.000000000
           1.000000000 1.000000000 1.000000000 1.000000000 1.000000000
           1.000000000 1.000000000 1.000000000 1.000000000 1.000000000
           1.000000000 1.000000000 1.000000000 1.000000000 1.000000000
           1.000000000 1.000000000 1.000000000 1.000000000 1.000000000
           1.000000000 1.000000000 1.000000000 1.000000000 1.000000000
           1.000000000 1.000000000 1.000000000 1.000000000 1.000000000
           1.000000000 1.000000000 1.000000000 1.000000000 1.000000000
           1.000000000 1.000000000 1.000000000 1.000000000 1.000000000
           1.000000000 1.000000000 1.000000000 1.000000000 1.000000000
           1.000000000 1.000000000 1.000000000 1.000000000 1.000000000
           1.000000000 1.000000000 1.000000000 1.000000000 1.000000000
           1.000000000 1.000000000 1.000000000 1.000000000 1.000000000
           1.000000000 1.000000000 1.000000000 1.000000000 1.000000000
           1.000000000 1.000000000 1.000000000 1.000000000 1.000000000
           1.000000000 1.000000000 1.000000000 1.000000000 1.000000000
           1.000000000 1.000000000 1.000000000 1.000000000 1.000000000
           1.000000000 1.000000000 1.000000000 1.000000000 1.000000000
           1.000000000 1.000000000 1.000000000 1.000000000 1.000000000
           1.000000000 1.000000000 1.000000000 1.000000000 1.000000000
           1.000000000 1.000000000 1.000000000 1.000000000 1.000000000
           1.000000000 1.000000000 1.000000000 1.000000000 1.000000000
           1.000000000 1.000000000 1.000000000 1.000000000 1.000000000
           1.000000000 1.000000000 1.000000000 1.000000000 1.000000000
           1.000000000 1.000000000 1.000000000 1.000000000 1.000000000
           1.000000000 1.000000000 1.000000000 1.000000000 1.000000000
           1.000000000 1.000000000 1.000000000 1.000000000 1.000000000
           1.000000000 1.000000000 1.000000000 1.000000000 1.000000000
           1.000000000 1.000000000 1.000000000 1.000000000 1.000000000
           1.000000000 1.000000000 1.000000000 1.000000000 1.000000000
           1.000000000 1.000000000 1.000000000 1.000000000 1.000000000
           1.000000000 1.000000000 1.000000000 1.000000000 1.000000000
           1.000000000 1.000000000 1.000000000 1.000000000 1.000000000
           1.000000000 1.000000000 1.000000000 1.000000000 1.000000000
           1.000000000 1.000000000 1.000000000 1.000000000 1.000000000
           1.000000000 1.000000000 1.000000000 1.000000000 1.000000000
           1.000000000 1.000000000 1.000000000 1.000000000 1.000000000
           1.000000000 1.000000000 1.000000000 1.000000000 1.000000000
           1.000000000 1.000000000 1.000000000 1.000000000 1.000000000
           1.000000000 1.000000000 1.000000000 1.000000000 1.000000000
           1.000000000 1.000000000 1.000000000 1.000000000 1.000000000
           1.000000000 1.000000000 1.000000000 1.000000000 1.000000000
           1.000000000 1.000000000 1.000000000 1.000000000 1.000000000
           1.000000000 1.000000000 1.000000000 1.000000000 1.000000000
           1.000000000 1.000000000 1.000000000 1.000000000 1.000000000
           1.000000000 1.000000000 1.000000000 1.000000000 1.000000000
           1.000000000 1.000000000 1.000000000 1.000000000 1.000000000
           1.000000000 1.000000000 1.000000000 1.000000000 1.000000000
           1.000000000 1.000000000 1.000000000 1.000000000 1.000000000
           1.000000000 1.000000000 1.000000000 1.000000000 1.000000000
           1.000000000 1.000000000 1.000000000 1.000000000 1.000000000
           1.000000000 1.000000000 1.000000000 1.000000000 1.000000000
           1.000000000 1.000000000 1.000000000 1.000000000 1.000000000
           1.000000000 1.000000000 1.000000000 1.000000000 1.000000000
           1.000000000 1.000000000 1.000000000 1.000000000 1.000000000
           1.000000000 1.000000000 1.000000000 1.000000000 1.000000000
           1.000000000 1.000000000 1.000000000 1.000000000 1.000000000
           1.000000000 1.000000000 1.000000000 1.000000000 1.000000000
           1.000000000 1.000000000 1.000000000 1.000000000 1.000000000
           1.000000000 1.000000000 1.000000000 1.000000000 1.000000000
           1.000000000 1.000000000 1.000000000 1.000000000 1.000000000
           1.000000000 1.000000000 1.000000000 1.000000000 1.000000000
           1.000000000 1.000000000 1.000000000 1.000000000 1.000000000
           1.000000000 1.000000000 1.000000000 1.000000000 1.000000000
           1.000000000 1.000000000 1.000000000 1.000000000 1.000000000
           1.000000000 1.000000000 1.000000000 1.000000000 1.000000000
           1.000000000 1.000000000 1.000000000 1.000000000 1.000000000
           1.000000000 1.000000000 1.000000000 1.000000000 1.000000000
           1.000000000 1.000000000 1.000000000 1.000000000 1.000000000
           1.000000000 1.000000000 1.000000000 1.000000000 1.000000000
           1.000000000 1.000000000 1.000000000 1.000000000 1.000000000
           1.000000000 1.000000000 1.000000000 1.000000000 1.000000000
           1.000000000 1.000000000 1.000000000 1.000000000 1.000000000
           1.000000000 1.000000000 1.000000000 1.000000000 1.000000000
           1.000000000 1.000000000 1.000000000 1.000000000 1.000000000
           1.000000000 1.000000000 1.000000000 1.000000000 1.000000000
           1.000000000 1.000000000 1.000000000 1.000000000 1.000000000
           1.000000000 1.000000000 1.000000000 1.000000000 1.000000000
           1.000000000 1.000000000 1.000000000 1.000000000 1.000000000
           1.000000000 1.000000000 1.000000000 1.000000000 1.000000000
